999
DXF file generated by Cheetah3D
0
SECTION
2
ENTITIES
0
3DFACE
8
Labyrinth
10
-0.439112
20
-0.444415
30
0.163661
11
-0.447100
21
-0.452461
31
0.151852
12
-0.452570
22
-0.149634
32
0.151852
13
-0.441233
23
-0.149553
33
0.163661
0
3DFACE
8
Labyrinth
10
-0.447100
20
-0.452461
30
0.151852
11
-0.454675
21
-0.460090
31
0.080461
12
-0.463321
22
-0.149712
32
0.080461
13
-0.452570
23
-0.149634
33
0.151852
0
3DFACE
8
Labyrinth
10
-0.454675
20
-0.460090
30
0.080461
11
-0.440638
21
-0.445953
31
-0.002343
12
-0.443400
22
-0.149568
32
-0.002343
13
-0.463321
23
-0.149712
33
0.080461
0
3DFACE
8
Labyrinth
10
-0.440638
20
-0.445953
30
-0.002343
11
-0.439112
21
-0.444415
31
-0.002740
12
-0.441233
22
-0.149553
32
-0.002740
13
-0.443400
23
-0.149568
33
-0.002343
0
3DFACE
8
Labyrinth
10
-0.439112
20
-0.444415
30
-0.002740
11
-0.431124
21
-0.436370
31
0.009070
12
-0.429896
22
-0.149471
32
0.009070
13
-0.441233
23
-0.149553
33
-0.002740
0
3DFACE
8
Labyrinth
10
-0.431124
20
-0.436370
30
0.009070
11
-0.423549
21
-0.428740
31
0.080461
12
-0.419145
22
-0.149394
32
0.080461
13
-0.429896
23
-0.149471
33
0.009070
0
3DFACE
8
Labyrinth
10
-0.423549
20
-0.428740
30
0.080461
11
-0.437585
21
-0.442878
31
0.163265
12
-0.439066
22
-0.149537
32
0.163265
13
-0.419145
23
-0.149394
33
0.080461
0
3DFACE
8
Labyrinth
10
-0.437585
20
-0.442878
30
0.163265
11
-0.439112
21
-0.444415
31
0.163661
12
-0.441233
22
-0.149553
32
0.163661
13
-0.439066
23
-0.149537
33
0.163265
0
3DFACE
8
Labyrinth
10
0.002121
20
-0.444415
30
0.163661
11
0.002121
21
-0.455752
31
0.151852
12
-0.447100
22
-0.452461
32
0.151852
13
-0.439112
23
-0.444415
33
0.163661
0
3DFACE
8
Labyrinth
10
0.002121
20
-0.455752
30
0.151852
11
0.002121
21
-0.466504
31
0.080461
12
-0.454675
22
-0.460090
32
0.080461
13
-0.447100
23
-0.452461
33
0.151852
0
3DFACE
8
Labyrinth
10
0.002121
20
-0.466504
30
0.080461
11
0.002121
21
-0.446582
31
-0.002343
12
-0.440638
22
-0.445953
32
-0.002343
13
-0.454675
23
-0.460090
33
0.080461
0
3DFACE
8
Labyrinth
10
0.002121
20
-0.446582
30
-0.002343
11
0.002121
21
-0.444415
31
-0.002740
12
-0.439112
22
-0.444415
32
-0.002740
13
-0.440638
23
-0.445953
33
-0.002343
0
3DFACE
8
Labyrinth
10
0.002121
20
-0.444415
30
-0.002740
11
0.002121
21
-0.433078
31
0.009070
12
-0.431124
22
-0.436370
32
0.009070
13
-0.439112
23
-0.444415
33
-0.002740
0
3DFACE
8
Labyrinth
10
0.002121
20
-0.433078
30
0.009070
11
0.002121
21
-0.422327
31
0.080461
12
-0.423549
22
-0.428740
32
0.080461
13
-0.431124
23
-0.436370
33
0.009070
0
3DFACE
8
Labyrinth
10
0.002121
20
-0.422327
30
0.080461
11
0.002121
21
-0.442248
31
0.163265
12
-0.437585
22
-0.442878
32
0.163265
13
-0.423549
23
-0.428740
33
0.080461
0
3DFACE
8
Labyrinth
10
0.002121
20
-0.442248
30
0.163265
11
0.002121
21
-0.444415
31
0.163661
12
-0.439112
22
-0.444415
32
0.163661
13
-0.437585
23
-0.442878
33
0.163265
0
3DFACE
8
Labyrinth
10
-0.439066
20
-0.149537
30
0.163265
11
-0.441233
21
-0.149553
31
0.163661
12
-0.452570
22
-0.149634
32
0.151852
13
-0.452570
23
-0.149634
33
0.151852
0
3DFACE
8
Labyrinth
10
0.002121
20
-0.455752
30
0.151852
11
0.002121
21
-0.444415
31
0.163661
12
0.002121
22
-0.442248
32
0.163265
13
0.002121
23
-0.442248
33
0.163265
0
3DFACE
8
Labyrinth
10
-0.419145
20
-0.149394
30
0.080461
11
-0.439066
21
-0.149537
31
0.163265
12
-0.452570
22
-0.149634
32
0.151852
13
-0.452570
23
-0.149634
33
0.151852
0
3DFACE
8
Labyrinth
10
0.002121
20
-0.455752
30
0.151852
11
0.002121
21
-0.442248
31
0.163265
12
0.002121
22
-0.422327
32
0.080461
13
0.002121
23
-0.422327
33
0.080461
0
3DFACE
8
Labyrinth
10
-0.419145
20
-0.149394
30
0.080461
11
-0.452570
21
-0.149634
31
0.151852
12
-0.463321
22
-0.149712
32
0.080461
13
-0.463321
23
-0.149712
33
0.080461
0
3DFACE
8
Labyrinth
10
0.002121
20
-0.466504
30
0.080461
11
0.002121
21
-0.455752
31
0.151852
12
0.002121
22
-0.422327
32
0.080461
13
0.002121
23
-0.422327
33
0.080461
0
3DFACE
8
Labyrinth
10
-0.419145
20
-0.149394
30
0.080461
11
-0.463321
21
-0.149712
31
0.080461
12
-0.443400
22
-0.149568
32
-0.002343
13
-0.443400
23
-0.149568
33
-0.002343
0
3DFACE
8
Labyrinth
10
0.002121
20
-0.446582
30
-0.002343
11
0.002121
21
-0.466504
31
0.080461
12
0.002121
22
-0.422327
32
0.080461
13
0.002121
23
-0.422327
33
0.080461
0
3DFACE
8
Labyrinth
10
-0.429896
20
-0.149471
30
0.009070
11
-0.419145
21
-0.149394
31
0.080461
12
-0.443400
22
-0.149568
32
-0.002343
13
-0.443400
23
-0.149568
33
-0.002343
0
3DFACE
8
Labyrinth
10
0.002121
20
-0.446582
30
-0.002343
11
0.002121
21
-0.422327
31
0.080461
12
0.002121
22
-0.433078
32
0.009070
13
0.002121
23
-0.433078
33
0.009070
0
3DFACE
8
Labyrinth
10
-0.441233
20
-0.149553
30
-0.002740
11
-0.429896
21
-0.149471
31
0.009070
12
-0.443400
22
-0.149568
32
-0.002343
13
-0.443400
23
-0.149568
33
-0.002343
0
3DFACE
8
Labyrinth
10
0.002121
20
-0.446582
30
-0.002343
11
0.002121
21
-0.433078
31
0.009070
12
0.002121
22
-0.444415
32
-0.002740
13
0.002121
23
-0.444415
33
-0.002740
0
3DFACE
8
Labyrinth
10
0.441233
20
-0.442294
30
0.163661
11
0.449289
21
-0.450272
31
0.151852
12
0.148656
22
-0.457873
32
0.151852
13
0.148492
23
-0.446536
33
0.163661
0
3DFACE
8
Labyrinth
10
0.449289
20
-0.450272
30
0.151852
11
0.456928
21
-0.457837
31
0.080461
12
0.148812
22
-0.468623
32
0.080461
13
0.148656
23
-0.457873
33
0.151852
0
3DFACE
8
Labyrinth
10
0.456928
20
-0.457837
30
0.080461
11
0.442773
21
-0.443819
31
-0.002343
12
0.148523
22
-0.448703
32
-0.002343
13
0.148812
23
-0.468623
33
0.080461
0
3DFACE
8
Labyrinth
10
0.442773
20
-0.443819
30
-0.002343
11
0.441233
21
-0.442294
31
-0.002740
12
0.148492
22
-0.446536
32
-0.002740
13
0.148523
23
-0.448703
33
-0.002343
0
3DFACE
8
Labyrinth
10
0.441233
20
-0.442294
30
-0.002740
11
0.433178
21
-0.434316
31
0.009070
12
0.148328
22
-0.435200
32
0.009070
13
0.148492
23
-0.446536
33
-0.002740
0
3DFACE
8
Labyrinth
10
0.433178
20
-0.434316
30
0.009070
11
0.425539
21
-0.426750
31
0.080461
12
0.148172
22
-0.424450
32
0.080461
13
0.148328
23
-0.435200
33
0.009070
0
3DFACE
8
Labyrinth
10
0.425539
20
-0.426750
30
0.080461
11
0.439694
21
-0.440769
31
0.163265
12
0.148461
22
-0.444370
32
0.163265
13
0.148172
23
-0.424450
33
0.080461
0
3DFACE
8
Labyrinth
10
0.439694
20
-0.440769
30
0.163265
11
0.441233
21
-0.442294
31
0.163661
12
0.148492
22
-0.446536
32
0.163661
13
0.148461
23
-0.444370
33
0.163265
0
3DFACE
8
Labyrinth
10
0.445476
20
0.438051
30
0.163661
11
0.453521
21
0.446039
31
0.151852
12
0.449289
22
-0.450272
32
0.151852
13
0.441233
23
-0.442294
33
0.163661
0
3DFACE
8
Labyrinth
10
0.453521
20
0.446039
30
0.151852
11
0.461151
21
0.453614
31
0.080461
12
0.456928
22
-0.457837
32
0.080461
13
0.449289
23
-0.450272
33
0.151852
0
3DFACE
8
Labyrinth
10
0.461151
20
0.453614
30
0.080461
11
0.447014
21
0.439578
31
-0.002343
12
0.442773
22
-0.443819
32
-0.002343
13
0.456928
23
-0.457837
33
0.080461
0
3DFACE
8
Labyrinth
10
0.447014
20
0.439578
30
-0.002343
11
0.445476
21
0.438051
31
-0.002740
12
0.441233
22
-0.442294
32
-0.002740
13
0.442773
23
-0.443819
33
-0.002343
0
3DFACE
8
Labyrinth
10
0.445476
20
0.438051
30
-0.002740
11
0.437430
21
0.430064
31
0.009070
12
0.433178
22
-0.434316
32
0.009070
13
0.441233
23
-0.442294
33
-0.002740
0
3DFACE
8
Labyrinth
10
0.437430
20
0.430064
30
0.009070
11
0.429801
21
0.422489
31
0.080461
12
0.425539
22
-0.426750
32
0.080461
13
0.433178
23
-0.434316
33
0.009070
0
3DFACE
8
Labyrinth
10
0.429801
20
0.422489
30
0.080461
11
0.443938
21
0.436525
31
0.163265
12
0.439694
22
-0.440769
32
0.163265
13
0.425539
23
-0.426750
33
0.080461
0
3DFACE
8
Labyrinth
10
0.443938
20
0.436525
30
0.163265
11
0.445476
21
0.438051
31
0.163661
12
0.441233
22
-0.442294
32
0.163661
13
0.439694
23
-0.440769
33
0.163265
0
3DFACE
8
Labyrinth
10
-0.439112
20
0.440173
30
0.163661
11
-0.447100
21
0.448218
31
0.151852
12
0.453521
22
0.446039
32
0.151852
13
0.445476
23
0.438051
33
0.163661
0
3DFACE
8
Labyrinth
10
-0.447100
20
0.448218
30
0.151852
11
-0.454674
21
0.455848
31
0.080461
12
0.461151
22
0.453614
32
0.080461
13
0.453521
23
0.446039
33
0.151852
0
3DFACE
8
Labyrinth
10
-0.454674
20
0.455848
30
0.080461
11
-0.440638
21
0.441710
31
-0.002343
12
0.447014
22
0.439578
32
-0.002343
13
0.461151
23
0.453614
33
0.080461
0
3DFACE
8
Labyrinth
10
-0.440638
20
0.441710
30
-0.002343
11
-0.439112
21
0.440173
31
-0.002740
12
0.445476
22
0.438051
32
-0.002740
13
0.447014
23
0.439578
33
-0.002343
0
3DFACE
8
Labyrinth
10
-0.439112
20
0.440173
30
-0.002740
11
-0.431124
21
0.432127
31
0.009070
12
0.437430
22
0.430064
32
0.009070
13
0.445476
23
0.438051
33
-0.002740
0
3DFACE
8
Labyrinth
10
-0.431124
20
0.432127
30
0.009070
11
-0.423549
21
0.424497
31
0.080461
12
0.429801
22
0.422489
32
0.080461
13
0.437430
23
0.430064
33
0.009070
0
3DFACE
8
Labyrinth
10
-0.423549
20
0.424497
30
0.080461
11
-0.437585
21
0.438635
31
0.163265
12
0.443938
22
0.436525
32
0.163265
13
0.429801
23
0.422489
33
0.080461
0
3DFACE
8
Labyrinth
10
-0.437585
20
0.438635
30
0.163265
11
-0.439112
21
0.440173
31
0.163661
12
0.445476
22
0.438051
32
0.163661
13
0.443938
23
0.436525
33
0.163265
0
3DFACE
8
Labyrinth
10
-0.441233
20
0.001061
30
0.163661
11
-0.452570
21
0.001115
31
0.151852
12
-0.447100
22
0.448218
32
0.151852
13
-0.439112
23
0.440173
33
0.163661
0
3DFACE
8
Labyrinth
10
-0.452570
20
0.001115
30
0.151852
11
-0.463322
21
0.001167
31
0.080461
12
-0.454674
22
0.455848
32
0.080461
13
-0.447100
23
0.448218
33
0.151852
0
3DFACE
8
Labyrinth
10
-0.463322
20
0.001167
30
0.080461
11
-0.443400
21
0.001071
31
-0.002343
12
-0.440638
22
0.441710
32
-0.002343
13
-0.454674
23
0.455848
33
0.080461
0
3DFACE
8
Labyrinth
10
-0.443400
20
0.001071
30
-0.002343
11
-0.441233
21
0.001061
31
-0.002740
12
-0.439112
22
0.440173
32
-0.002740
13
-0.440638
23
0.441710
33
-0.002343
0
3DFACE
8
Labyrinth
10
-0.441233
20
0.001061
30
-0.002740
11
-0.429896
21
0.001006
31
0.009070
12
-0.431124
22
0.432127
32
0.009070
13
-0.439112
23
0.440173
33
-0.002740
0
3DFACE
8
Labyrinth
10
-0.429896
20
0.001006
30
0.009070
11
-0.419145
21
0.000954
31
0.080461
12
-0.423549
22
0.424497
32
0.080461
13
-0.431124
23
0.432127
33
0.009070
0
3DFACE
8
Labyrinth
10
-0.419145
20
0.000954
30
0.080461
11
-0.439066
21
0.001050
31
0.163265
12
-0.437585
22
0.438635
32
0.163265
13
-0.423549
23
0.424497
33
0.080461
0
3DFACE
8
Labyrinth
10
-0.439066
20
0.001050
30
0.163265
11
-0.441233
21
0.001061
31
0.163661
12
-0.439112
22
0.440173
32
0.163661
13
-0.437585
23
0.438635
33
0.163265
0
3DFACE
8
Labyrinth
10
0.148461
20
-0.444370
30
0.163265
11
0.148492
21
-0.446536
31
0.163661
12
0.148656
22
-0.457873
32
0.151852
13
0.148656
23
-0.457873
33
0.151852
0
3DFACE
8
Labyrinth
10
-0.452570
20
0.001115
30
0.151852
11
-0.441233
21
0.001061
31
0.163661
12
-0.439066
22
0.001050
32
0.163265
13
-0.439066
23
0.001050
33
0.163265
0
3DFACE
8
Labyrinth
10
0.148172
20
-0.424450
30
0.080461
11
0.148461
21
-0.444370
31
0.163265
12
0.148656
22
-0.457873
32
0.151852
13
0.148656
23
-0.457873
33
0.151852
0
3DFACE
8
Labyrinth
10
-0.452570
20
0.001115
30
0.151852
11
-0.439066
21
0.001050
31
0.163265
12
-0.419145
22
0.000954
32
0.080461
13
-0.419145
23
0.000954
33
0.080461
0
3DFACE
8
Labyrinth
10
0.148172
20
-0.424450
30
0.080461
11
0.148656
21
-0.457873
31
0.151852
12
0.148812
22
-0.468623
32
0.080461
13
0.148812
23
-0.468623
33
0.080461
0
3DFACE
8
Labyrinth
10
-0.463322
20
0.001167
30
0.080461
11
-0.452570
21
0.001115
31
0.151852
12
-0.419145
22
0.000954
32
0.080461
13
-0.419145
23
0.000954
33
0.080461
0
3DFACE
8
Labyrinth
10
0.148172
20
-0.424450
30
0.080461
11
0.148812
21
-0.468623
31
0.080461
12
0.148523
22
-0.448703
32
-0.002343
13
0.148523
23
-0.448703
33
-0.002343
0
3DFACE
8
Labyrinth
10
-0.443400
20
0.001071
30
-0.002343
11
-0.463322
21
0.001167
31
0.080461
12
-0.419145
22
0.000954
32
0.080461
13
-0.419145
23
0.000954
33
0.080461
0
3DFACE
8
Labyrinth
10
0.148328
20
-0.435200
30
0.009070
11
0.148172
21
-0.424450
31
0.080461
12
0.148523
22
-0.448703
32
-0.002343
13
0.148523
23
-0.448703
33
-0.002343
0
3DFACE
8
Labyrinth
10
-0.443400
20
0.001071
30
-0.002343
11
-0.419145
21
0.000954
31
0.080461
12
-0.429896
22
0.001006
32
0.009070
13
-0.429896
23
0.001006
33
0.009070
0
3DFACE
8
Labyrinth
10
0.148492
20
-0.446536
30
-0.002740
11
0.148328
21
-0.435200
31
0.009070
12
0.148523
22
-0.448703
32
-0.002343
13
0.148523
23
-0.448703
33
-0.002343
0
3DFACE
8
Labyrinth
10
-0.443400
20
0.001071
30
-0.002343
11
-0.429896
21
0.001006
31
0.009070
12
-0.441233
22
0.001061
32
-0.002740
13
-0.441233
23
0.001061
33
-0.002740
0
3DFACE
8
Labyrinth
10
-0.146371
20
-0.295923
30
0.163661
11
-0.138411
21
-0.303997
31
0.151852
12
-0.137156
22
-0.444577
32
0.151852
13
-0.148492
23
-0.444415
33
0.163661
0
3DFACE
8
Labyrinth
10
-0.138411
20
-0.303997
30
0.151852
11
-0.130864
21
-0.311654
31
0.080461
12
-0.126406
22
-0.444731
32
0.080461
13
-0.137156
23
-0.444577
33
0.151852
0
3DFACE
8
Labyrinth
10
-0.130864
20
-0.311654
30
0.080461
11
-0.144849
21
-0.297466
31
-0.002343
12
-0.146325
22
-0.444446
32
-0.002343
13
-0.126406
23
-0.444731
33
0.080461
0
3DFACE
8
Labyrinth
10
-0.144849
20
-0.297466
30
-0.002343
11
-0.146371
21
-0.295923
31
-0.002740
12
-0.148492
22
-0.444415
32
-0.002740
13
-0.146325
23
-0.444446
33
-0.002343
0
3DFACE
8
Labyrinth
10
-0.146371
20
-0.295923
30
-0.002740
11
-0.154330
21
-0.287850
31
0.009070
12
-0.159828
22
-0.444253
32
0.009070
13
-0.148492
23
-0.444415
33
-0.002740
0
3DFACE
8
Labyrinth
10
-0.154330
20
-0.287850
30
0.009070
11
-0.161878
21
-0.280193
31
0.080461
12
-0.170578
22
-0.444100
32
0.080461
13
-0.159828
23
-0.444253
33
0.009070
0
3DFACE
8
Labyrinth
10
-0.161878
20
-0.280193
30
0.080461
11
-0.147892
21
-0.294380
31
0.163265
12
-0.150659
22
-0.444384
32
0.163265
13
-0.170578
23
-0.444100
33
0.080461
0
3DFACE
8
Labyrinth
10
-0.147892
20
-0.294380
30
0.163265
11
-0.146371
21
-0.295923
31
0.163661
12
-0.148492
22
-0.444415
32
0.163661
13
-0.150659
23
-0.444384
33
0.163265
0
3DFACE
8
Labyrinth
10
0.146371
20
-0.295923
30
0.163661
11
0.154330
21
-0.303997
31
0.151852
12
-0.138411
22
-0.303997
32
0.151852
13
-0.146371
23
-0.295923
33
0.163661
0
3DFACE
8
Labyrinth
10
0.154330
20
-0.303997
30
0.151852
11
0.161878
21
-0.311654
31
0.080461
12
-0.130864
22
-0.311654
32
0.080461
13
-0.138411
23
-0.303997
33
0.151852
0
3DFACE
8
Labyrinth
10
0.161878
20
-0.311654
30
0.080461
11
0.147892
21
-0.297466
31
-0.002343
12
-0.144849
22
-0.297466
32
-0.002343
13
-0.130864
23
-0.311654
33
0.080461
0
3DFACE
8
Labyrinth
10
0.147892
20
-0.297466
30
-0.002343
11
0.146371
21
-0.295923
31
-0.002740
12
-0.146371
22
-0.295923
32
-0.002740
13
-0.144849
23
-0.297466
33
-0.002343
0
3DFACE
8
Labyrinth
10
0.146371
20
-0.295923
30
-0.002740
11
0.138411
21
-0.287850
31
0.009070
12
-0.154330
22
-0.287850
32
0.009070
13
-0.146371
23
-0.295923
33
-0.002740
0
3DFACE
8
Labyrinth
10
0.138411
20
-0.287850
30
0.009070
11
0.130864
21
-0.280193
31
0.080461
12
-0.161878
22
-0.280193
32
0.080461
13
-0.154330
23
-0.287850
33
0.009070
0
3DFACE
8
Labyrinth
10
0.130864
20
-0.280193
30
0.080461
11
0.144849
21
-0.294380
31
0.163265
12
-0.147892
22
-0.294380
32
0.163265
13
-0.161878
23
-0.280193
33
0.080461
0
3DFACE
8
Labyrinth
10
0.144849
20
-0.294380
30
0.163265
11
0.146371
21
-0.295923
31
0.163661
12
-0.146371
22
-0.295923
32
0.163661
13
-0.147892
23
-0.294380
33
0.163265
0
3DFACE
8
Labyrinth
10
0.148492
20
-0.147431
30
0.163661
11
0.156566
21
-0.139472
31
0.151852
12
0.154330
22
-0.303997
32
0.151852
13
0.146371
23
-0.295923
33
0.163661
0
3DFACE
8
Labyrinth
10
0.156566
20
-0.139472
30
0.151852
11
0.164222
21
-0.131924
31
0.080461
12
0.161878
22
-0.311654
32
0.080461
13
0.154330
23
-0.303997
33
0.151852
0
3DFACE
8
Labyrinth
10
0.164222
20
-0.131924
30
0.080461
11
0.150035
21
-0.145910
31
-0.002343
12
0.147892
22
-0.297466
32
-0.002343
13
0.161878
23
-0.311654
33
0.080461
0
3DFACE
8
Labyrinth
10
0.150035
20
-0.145910
30
-0.002343
11
0.148492
21
-0.147431
31
-0.002740
12
0.146371
22
-0.295923
32
-0.002740
13
0.147892
23
-0.297466
33
-0.002343
0
3DFACE
8
Labyrinth
10
0.148492
20
-0.147431
30
-0.002740
11
0.140418
21
-0.155391
31
0.009070
12
0.138411
22
-0.287850
32
0.009070
13
0.146371
23
-0.295923
33
-0.002740
0
3DFACE
8
Labyrinth
10
0.140418
20
-0.155391
30
0.009070
11
0.132762
21
-0.162938
31
0.080461
12
0.130864
22
-0.280193
32
0.080461
13
0.138411
23
-0.287850
33
0.009070
0
3DFACE
8
Labyrinth
10
0.132762
20
-0.162938
30
0.080461
11
0.146949
21
-0.148952
31
0.163265
12
0.144849
22
-0.294380
32
0.163265
13
0.130864
23
-0.280193
33
0.080461
0
3DFACE
8
Labyrinth
10
0.146949
20
-0.148952
30
0.163265
11
0.148492
21
-0.147431
31
0.163661
12
0.146371
22
-0.295923
32
0.163661
13
0.144849
23
-0.294380
33
0.163265
0
3DFACE
8
Labyrinth
10
-0.292741
20
-0.147431
30
0.163661
11
-0.300758
21
-0.139415
31
0.151852
12
0.156566
22
-0.139472
32
0.151852
13
0.148492
23
-0.147431
33
0.163661
0
3DFACE
8
Labyrinth
10
-0.300758
20
-0.139415
30
0.151852
11
-0.308360
21
-0.131812
31
0.080461
12
0.164222
22
-0.131924
32
0.080461
13
0.156566
23
-0.139472
33
0.151852
0
3DFACE
8
Labyrinth
10
-0.308360
20
-0.131812
30
0.080461
11
-0.294273
21
-0.145899
31
-0.002343
12
0.150035
22
-0.145910
32
-0.002343
13
0.164222
23
-0.131924
33
0.080461
0
3DFACE
8
Labyrinth
10
-0.294273
20
-0.145899
30
-0.002343
11
-0.292741
21
-0.147431
31
-0.002740
12
0.148492
22
-0.147431
32
-0.002740
13
0.150035
23
-0.145910
33
-0.002343
0
3DFACE
8
Labyrinth
10
-0.292741
20
-0.147431
30
-0.002740
11
-0.284725
21
-0.155448
31
0.009070
12
0.140418
22
-0.155391
32
0.009070
13
0.148492
23
-0.147431
33
-0.002740
0
3DFACE
8
Labyrinth
10
-0.284725
20
-0.155448
30
0.009070
11
-0.277122
21
-0.163050
31
0.080461
12
0.132762
22
-0.162938
32
0.080461
13
0.140418
23
-0.155391
33
0.009070
0
3DFACE
8
Labyrinth
10
-0.277122
20
-0.163050
30
0.080461
11
-0.291209
21
-0.148963
31
0.163265
12
0.146949
22
-0.148952
32
0.163265
13
0.132762
23
-0.162938
33
0.080461
0
3DFACE
8
Labyrinth
10
-0.291209
20
-0.148963
30
0.163265
11
-0.292741
21
-0.147431
31
0.163661
12
0.148492
22
-0.147431
32
0.163661
13
0.146949
23
-0.148952
33
0.163265
0
3DFACE
8
Labyrinth
10
-0.292741
20
-0.295923
30
0.163661
11
-0.304079
21
-0.295923
31
0.151852
12
-0.300758
22
-0.139415
32
0.151852
13
-0.292741
23
-0.147431
33
0.163661
0
3DFACE
8
Labyrinth
10
-0.304079
20
-0.295923
30
0.151852
11
-0.314830
21
-0.295923
31
0.080461
12
-0.308360
22
-0.131812
32
0.080461
13
-0.300758
23
-0.139415
33
0.151852
0
3DFACE
8
Labyrinth
10
-0.314830
20
-0.295923
30
0.080461
11
-0.294908
21
-0.295923
31
-0.002343
12
-0.294273
22
-0.145899
32
-0.002343
13
-0.308360
23
-0.131812
33
0.080461
0
3DFACE
8
Labyrinth
10
-0.294908
20
-0.295923
30
-0.002343
11
-0.292741
21
-0.295923
31
-0.002740
12
-0.292741
22
-0.147431
32
-0.002740
13
-0.294273
23
-0.145899
33
-0.002343
0
3DFACE
8
Labyrinth
10
-0.292741
20
-0.295923
30
-0.002740
11
-0.281404
21
-0.295923
31
0.009070
12
-0.284725
22
-0.155448
32
0.009070
13
-0.292741
23
-0.147431
33
-0.002740
0
3DFACE
8
Labyrinth
10
-0.281404
20
-0.295923
30
0.009070
11
-0.270653
21
-0.295923
31
0.080461
12
-0.277122
22
-0.163050
32
0.080461
13
-0.284725
23
-0.155448
33
0.009070
0
3DFACE
8
Labyrinth
10
-0.270653
20
-0.295923
30
0.080461
11
-0.290574
21
-0.295923
31
0.163265
12
-0.291209
22
-0.148963
32
0.163265
13
-0.277122
23
-0.163050
33
0.080461
0
3DFACE
8
Labyrinth
10
-0.290574
20
-0.295923
30
0.163265
11
-0.292741
21
-0.295923
31
0.163661
12
-0.292741
22
-0.147431
32
0.163661
13
-0.291209
23
-0.148963
33
0.163265
0
3DFACE
8
Labyrinth
10
-0.150659
20
-0.444384
30
0.163265
11
-0.148492
21
-0.444415
31
0.163661
12
-0.137156
22
-0.444577
32
0.151852
13
-0.137156
23
-0.444577
33
0.151852
0
3DFACE
8
Labyrinth
10
-0.304079
20
-0.295923
30
0.151852
11
-0.292741
21
-0.295923
31
0.163661
12
-0.290574
22
-0.295923
32
0.163265
13
-0.290574
23
-0.295923
33
0.163265
0
3DFACE
8
Labyrinth
10
-0.170578
20
-0.444100
30
0.080461
11
-0.150659
21
-0.444384
31
0.163265
12
-0.137156
22
-0.444577
32
0.151852
13
-0.137156
23
-0.444577
33
0.151852
0
3DFACE
8
Labyrinth
10
-0.304079
20
-0.295923
30
0.151852
11
-0.290574
21
-0.295923
31
0.163265
12
-0.270653
22
-0.295923
32
0.080461
13
-0.270653
23
-0.295923
33
0.080461
0
3DFACE
8
Labyrinth
10
-0.170578
20
-0.444100
30
0.080461
11
-0.137156
21
-0.444577
31
0.151852
12
-0.126406
22
-0.444731
32
0.080461
13
-0.126406
23
-0.444731
33
0.080461
0
3DFACE
8
Labyrinth
10
-0.314830
20
-0.295923
30
0.080461
11
-0.304079
21
-0.295923
31
0.151852
12
-0.270653
22
-0.295923
32
0.080461
13
-0.270653
23
-0.295923
33
0.080461
0
3DFACE
8
Labyrinth
10
-0.170578
20
-0.444100
30
0.080461
11
-0.126406
21
-0.444731
31
0.080461
12
-0.146325
22
-0.444446
32
-0.002343
13
-0.146325
23
-0.444446
33
-0.002343
0
3DFACE
8
Labyrinth
10
-0.294908
20
-0.295923
30
-0.002343
11
-0.314830
21
-0.295923
31
0.080461
12
-0.270653
22
-0.295923
32
0.080461
13
-0.270653
23
-0.295923
33
0.080461
0
3DFACE
8
Labyrinth
10
-0.159828
20
-0.444253
30
0.009070
11
-0.170578
21
-0.444100
31
0.080461
12
-0.146325
22
-0.444446
32
-0.002343
13
-0.146325
23
-0.444446
33
-0.002343
0
3DFACE
8
Labyrinth
10
-0.294908
20
-0.295923
30
-0.002343
11
-0.270653
21
-0.295923
31
0.080461
12
-0.281404
22
-0.295923
32
0.009070
13
-0.281404
23
-0.295923
33
0.009070
0
3DFACE
8
Labyrinth
10
-0.148492
20
-0.444415
30
-0.002740
11
-0.159828
21
-0.444253
31
0.009070
12
-0.146325
22
-0.444446
32
-0.002343
13
-0.146325
23
-0.444446
33
-0.002343
0
3DFACE
8
Labyrinth
10
-0.294908
20
-0.295923
30
-0.002343
11
-0.281404
21
-0.295923
31
0.009070
12
-0.292741
22
-0.295923
32
-0.002740
13
-0.292741
23
-0.295923
33
-0.002740
0
3DFACE
8
Labyrinth
10
0.294863
20
-0.147431
30
0.163661
11
0.302879
21
-0.155448
31
0.151852
12
0.150613
22
-0.158769
32
0.151852
13
0.150613
23
-0.147431
33
0.163661
0
3DFACE
8
Labyrinth
10
0.302879
20
-0.155448
30
0.151852
11
0.310482
21
-0.163050
31
0.080461
12
0.150613
22
-0.169520
32
0.080461
13
0.150613
23
-0.158769
33
0.151852
0
3DFACE
8
Labyrinth
10
0.310482
20
-0.163050
30
0.080461
11
0.296395
21
-0.148963
31
-0.002343
12
0.150613
22
-0.149598
32
-0.002343
13
0.150613
23
-0.169520
33
0.080461
0
3DFACE
8
Labyrinth
10
0.296395
20
-0.148963
30
-0.002343
11
0.294863
21
-0.147431
31
-0.002740
12
0.150613
22
-0.147431
32
-0.002740
13
0.150613
23
-0.149598
33
-0.002343
0
3DFACE
8
Labyrinth
10
0.294863
20
-0.147431
30
-0.002740
11
0.286846
21
-0.139415
31
0.009070
12
0.150613
22
-0.136094
32
0.009070
13
0.150613
23
-0.147431
33
-0.002740
0
3DFACE
8
Labyrinth
10
0.286846
20
-0.139415
30
0.009070
11
0.279244
21
-0.131812
31
0.080461
12
0.150613
22
-0.125343
32
0.080461
13
0.150613
23
-0.136094
33
0.009070
0
3DFACE
8
Labyrinth
10
0.279244
20
-0.131812
30
0.080461
11
0.293331
21
-0.145899
31
0.163265
12
0.150613
22
-0.145264
32
0.163265
13
0.150613
23
-0.125343
33
0.080461
0
3DFACE
8
Labyrinth
10
0.293331
20
-0.145899
30
0.163265
11
0.294863
21
-0.147431
31
0.163661
12
0.150613
22
-0.147431
32
0.163661
13
0.150613
23
-0.145264
33
0.163265
0
3DFACE
8
Labyrinth
10
0.294863
20
0.293802
30
0.163661
11
0.302865
21
0.301833
31
0.151852
12
0.302879
22
-0.155448
32
0.151852
13
0.294863
23
-0.147431
33
0.163661
0
3DFACE
8
Labyrinth
10
0.302865
20
0.301833
30
0.151852
11
0.310454
21
0.309449
31
0.080461
12
0.310482
22
-0.163050
32
0.080461
13
0.302879
23
-0.155448
33
0.151852
0
3DFACE
8
Labyrinth
10
0.310454
20
0.309449
30
0.080461
11
0.296392
21
0.295337
31
-0.002343
12
0.296395
22
-0.148963
32
-0.002343
13
0.310482
23
-0.163050
33
0.080461
0
3DFACE
8
Labyrinth
10
0.296392
20
0.295337
30
-0.002343
11
0.294863
21
0.293802
31
-0.002740
12
0.294863
22
-0.147431
32
-0.002740
13
0.296395
23
-0.148963
33
-0.002343
0
3DFACE
8
Labyrinth
10
0.294863
20
0.293802
30
-0.002740
11
0.286860
21
0.285771
31
0.009070
12
0.286846
22
-0.139415
32
0.009070
13
0.294863
23
-0.147431
33
-0.002740
0
3DFACE
8
Labyrinth
10
0.286860
20
0.285771
30
0.009070
11
0.279272
21
0.278155
31
0.080461
12
0.279244
22
-0.131812
32
0.080461
13
0.286846
23
-0.139415
33
0.009070
0
3DFACE
8
Labyrinth
10
0.279272
20
0.278155
30
0.080461
11
0.293333
21
0.292267
31
0.163265
12
0.293331
22
-0.145899
32
0.163265
13
0.279244
23
-0.131812
33
0.080461
0
3DFACE
8
Labyrinth
10
0.293333
20
0.292267
30
0.163265
11
0.294863
21
0.293802
31
0.163661
12
0.294863
22
-0.147431
32
0.163661
13
0.293331
23
-0.145899
33
0.163265
0
3DFACE
8
Labyrinth
10
-0.292741
20
0.291681
30
0.163661
11
-0.300772
21
0.299683
31
0.151852
12
0.302865
22
0.301833
32
0.151852
13
0.294863
23
0.293802
33
0.163661
0
3DFACE
8
Labyrinth
10
-0.300772
20
0.299683
30
0.151852
11
-0.308389
21
0.307271
31
0.080461
12
0.310454
22
0.309449
32
0.080461
13
0.302865
23
0.301833
33
0.151852
0
3DFACE
8
Labyrinth
10
-0.308389
20
0.307271
30
0.080461
11
-0.294276
21
0.293210
31
-0.002343
12
0.296392
22
0.295337
32
-0.002343
13
0.310454
23
0.309449
33
0.080461
0
3DFACE
8
Labyrinth
10
-0.294276
20
0.293210
30
-0.002343
11
-0.292741
21
0.291681
31
-0.002740
12
0.294863
22
0.293802
32
-0.002740
13
0.296392
23
0.295337
33
-0.002343
0
3DFACE
8
Labyrinth
10
-0.292741
20
0.291681
30
-0.002740
11
-0.284710
21
0.283679
31
0.009070
12
0.286860
22
0.285771
32
0.009070
13
0.294863
23
0.293802
33
-0.002740
0
3DFACE
8
Labyrinth
10
-0.284710
20
0.283679
30
0.009070
11
-0.277094
21
0.276090
31
0.080461
12
0.279272
22
0.278155
32
0.080461
13
0.286860
23
0.285771
33
0.009070
0
3DFACE
8
Labyrinth
10
-0.277094
20
0.276090
30
0.080461
11
-0.291206
21
0.290151
31
0.163265
12
0.293333
22
0.292267
32
0.163265
13
0.279272
23
0.278155
33
0.080461
0
3DFACE
8
Labyrinth
10
-0.291206
20
0.290151
30
0.163265
11
-0.292741
21
0.291681
31
0.163661
12
0.294863
22
0.293802
32
0.163661
13
0.293333
23
0.292267
33
0.163265
0
3DFACE
8
Labyrinth
10
-0.292741
20
0.147431
30
0.163661
11
-0.304079
21
0.147431
31
0.151852
12
-0.300772
22
0.299683
32
0.151852
13
-0.292741
23
0.291681
33
0.163661
0
3DFACE
8
Labyrinth
10
-0.304079
20
0.147431
30
0.151852
11
-0.314830
21
0.147431
31
0.080461
12
-0.308389
22
0.307271
32
0.080461
13
-0.300772
23
0.299683
33
0.151852
0
3DFACE
8
Labyrinth
10
-0.314830
20
0.147431
30
0.080461
11
-0.294908
21
0.147431
31
-0.002343
12
-0.294276
22
0.293210
32
-0.002343
13
-0.308389
23
0.307271
33
0.080461
0
3DFACE
8
Labyrinth
10
-0.294908
20
0.147431
30
-0.002343
11
-0.292741
21
0.147431
31
-0.002740
12
-0.292741
22
0.291681
32
-0.002740
13
-0.294276
23
0.293210
33
-0.002343
0
3DFACE
8
Labyrinth
10
-0.292741
20
0.147431
30
-0.002740
11
-0.281404
21
0.147431
31
0.009070
12
-0.284710
22
0.283679
32
0.009070
13
-0.292741
23
0.291681
33
-0.002740
0
3DFACE
8
Labyrinth
10
-0.281404
20
0.147431
30
0.009070
11
-0.270653
21
0.147431
31
0.080461
12
-0.277094
22
0.276090
32
0.080461
13
-0.284710
23
0.283679
33
0.009070
0
3DFACE
8
Labyrinth
10
-0.270653
20
0.147431
30
0.080461
11
-0.290574
21
0.147431
31
0.163265
12
-0.291206
22
0.290151
32
0.163265
13
-0.277094
23
0.276090
33
0.080461
0
3DFACE
8
Labyrinth
10
-0.290574
20
0.147431
30
0.163265
11
-0.292741
21
0.147431
31
0.163661
12
-0.292741
22
0.291681
32
0.163661
13
-0.291206
23
0.290151
33
0.163265
0
3DFACE
8
Labyrinth
10
0.150613
20
-0.145264
30
0.163265
11
0.150613
21
-0.147431
31
0.163661
12
0.150613
22
-0.158769
32
0.151852
13
0.150613
23
-0.158769
33
0.151852
0
3DFACE
8
Labyrinth
10
-0.304079
20
0.147431
30
0.151852
11
-0.292741
21
0.147431
31
0.163661
12
-0.290574
22
0.147431
32
0.163265
13
-0.290574
23
0.147431
33
0.163265
0
3DFACE
8
Labyrinth
10
0.150613
20
-0.125343
30
0.080461
11
0.150613
21
-0.145264
31
0.163265
12
0.150613
22
-0.158769
32
0.151852
13
0.150613
23
-0.158769
33
0.151852
0
3DFACE
8
Labyrinth
10
-0.304079
20
0.147431
30
0.151852
11
-0.290574
21
0.147431
31
0.163265
12
-0.270653
22
0.147431
32
0.080461
13
-0.270653
23
0.147431
33
0.080461
0
3DFACE
8
Labyrinth
10
0.150613
20
-0.125343
30
0.080461
11
0.150613
21
-0.158769
31
0.151852
12
0.150613
22
-0.169520
32
0.080461
13
0.150613
23
-0.169520
33
0.080461
0
3DFACE
8
Labyrinth
10
-0.314830
20
0.147431
30
0.080461
11
-0.304079
21
0.147431
31
0.151852
12
-0.270653
22
0.147431
32
0.080461
13
-0.270653
23
0.147431
33
0.080461
0
3DFACE
8
Labyrinth
10
0.150613
20
-0.125343
30
0.080461
11
0.150613
21
-0.169520
31
0.080461
12
0.150613
22
-0.149598
32
-0.002343
13
0.150613
23
-0.149598
33
-0.002343
0
3DFACE
8
Labyrinth
10
-0.294908
20
0.147431
30
-0.002343
11
-0.314830
21
0.147431
31
0.080461
12
-0.270653
22
0.147431
32
0.080461
13
-0.270653
23
0.147431
33
0.080461
0
3DFACE
8
Labyrinth
10
0.150613
20
-0.136094
30
0.009070
11
0.150613
21
-0.125343
31
0.080461
12
0.150613
22
-0.149598
32
-0.002343
13
0.150613
23
-0.149598
33
-0.002343
0
3DFACE
8
Labyrinth
10
-0.294908
20
0.147431
30
-0.002343
11
-0.270653
21
0.147431
31
0.080461
12
-0.281404
22
0.147431
32
0.009070
13
-0.281404
23
0.147431
33
0.009070
0
3DFACE
8
Labyrinth
10
0.150613
20
-0.147431
30
-0.002740
11
0.150613
21
-0.136094
31
0.009070
12
0.150613
22
-0.149598
32
-0.002343
13
0.150613
23
-0.149598
33
-0.002343
0
3DFACE
8
Labyrinth
10
-0.294908
20
0.147431
30
-0.002343
11
-0.281404
21
0.147431
31
0.009070
12
-0.292741
22
0.147431
32
-0.002740
13
-0.292741
23
0.147431
33
-0.002740
0
3DFACE
8
Labyrinth
10
0.146371
20
0.147431
30
0.163661
11
0.157707
21
0.147596
31
0.151852
12
0.161949
22
-0.145146
32
0.151852
13
0.150613
23
-0.145310
33
0.163661
0
3DFACE
8
Labyrinth
10
0.157707
20
0.147596
30
0.151852
11
0.168457
21
0.147751
31
0.080461
12
0.172700
22
-0.144990
32
0.080461
13
0.161949
23
-0.145146
33
0.151852
0
3DFACE
8
Labyrinth
10
0.168457
20
0.147751
30
0.080461
11
0.148537
21
0.147463
31
-0.002343
12
0.152780
22
-0.145279
32
-0.002343
13
0.172700
23
-0.144990
33
0.080461
0
3DFACE
8
Labyrinth
10
0.148537
20
0.147463
30
-0.002343
11
0.146371
21
0.147431
31
-0.002740
12
0.150613
22
-0.145310
32
-0.002740
13
0.152780
23
-0.145279
33
-0.002343
0
3DFACE
8
Labyrinth
10
0.146371
20
0.147431
30
-0.002740
11
0.135035
21
0.147267
31
0.009070
12
0.139277
22
-0.145474
32
0.009070
13
0.150613
23
-0.145310
33
-0.002740
0
3DFACE
8
Labyrinth
10
0.135035
20
0.147267
30
0.009070
11
0.124284
21
0.147111
31
0.080461
12
0.128527
22
-0.145630
32
0.080461
13
0.139277
23
-0.145474
33
0.009070
0
3DFACE
8
Labyrinth
10
0.124284
20
0.147111
30
0.080461
11
0.144204
21
0.147400
31
0.163265
12
0.148447
22
-0.145341
32
0.163265
13
0.128527
23
-0.145630
33
0.080461
0
3DFACE
8
Labyrinth
10
0.144204
20
0.147400
30
0.163265
11
0.146371
21
0.147431
31
0.163661
12
0.150613
22
-0.145310
32
0.163661
13
0.148447
23
-0.145341
33
0.163265
0
3DFACE
8
Labyrinth
10
0.148447
20
-0.145341
30
0.163265
11
0.150613
21
-0.145310
31
0.163661
12
0.161949
22
-0.145146
32
0.151852
13
0.161949
23
-0.145146
33
0.151852
0
3DFACE
8
Labyrinth
10
0.157707
20
0.147596
30
0.151852
11
0.146371
21
0.147431
31
0.163661
12
0.144204
22
0.147400
32
0.163265
13
0.144204
23
0.147400
33
0.163265
0
3DFACE
8
Labyrinth
10
0.128527
20
-0.145630
30
0.080461
11
0.148447
21
-0.145341
31
0.163265
12
0.161949
22
-0.145146
32
0.151852
13
0.161949
23
-0.145146
33
0.151852
0
3DFACE
8
Labyrinth
10
0.157707
20
0.147596
30
0.151852
11
0.144204
21
0.147400
31
0.163265
12
0.124284
22
0.147111
32
0.080461
13
0.124284
23
0.147111
33
0.080461
0
3DFACE
8
Labyrinth
10
0.128527
20
-0.145630
30
0.080461
11
0.161949
21
-0.145146
31
0.151852
12
0.172700
22
-0.144990
32
0.080461
13
0.172700
23
-0.144990
33
0.080461
0
3DFACE
8
Labyrinth
10
0.168457
20
0.147751
30
0.080461
11
0.157707
21
0.147596
31
0.151852
12
0.124284
22
0.147111
32
0.080461
13
0.124284
23
0.147111
33
0.080461
0
3DFACE
8
Labyrinth
10
0.128527
20
-0.145630
30
0.080461
11
0.172700
21
-0.144990
31
0.080461
12
0.152780
22
-0.145279
32
-0.002343
13
0.152780
23
-0.145279
33
-0.002343
0
3DFACE
8
Labyrinth
10
0.148537
20
0.147463
30
-0.002343
11
0.168457
21
0.147751
31
0.080461
12
0.124284
22
0.147111
32
0.080461
13
0.124284
23
0.147111
33
0.080461
0
3DFACE
8
Labyrinth
10
0.139277
20
-0.145474
30
0.009070
11
0.128527
21
-0.145630
31
0.080461
12
0.152780
22
-0.145279
32
-0.002343
13
0.152780
23
-0.145279
33
-0.002343
0
3DFACE
8
Labyrinth
10
0.148537
20
0.147463
30
-0.002343
11
0.124284
21
0.147111
31
0.080461
12
0.135035
22
0.147267
32
0.009070
13
0.135035
23
0.147267
33
0.009070
0
3DFACE
8
Labyrinth
10
0.150613
20
-0.145310
30
-0.002740
11
0.139277
21
-0.145474
31
0.009070
12
0.152780
22
-0.145279
32
-0.002343
13
0.152780
23
-0.145279
33
-0.002343
0
3DFACE
8
Labyrinth
10
0.148537
20
0.147463
30
-0.002343
11
0.135035
21
0.147267
31
0.009070
12
0.146371
22
0.147431
32
-0.002740
13
0.146371
23
0.147431
33
-0.002740
0
3DFACE
8
Labyrinth
10
0.000000
20
0.145310
30
0.163661
11
-0.008017
21
0.137293
31
0.151852
12
-0.146371
22
0.133973
32
0.151852
13
-0.146371
23
0.145310
33
0.163661
0
3DFACE
8
Labyrinth
10
-0.008017
20
0.137293
30
0.151852
11
-0.015619
21
0.129691
31
0.080461
12
-0.146371
22
0.123221
32
0.080461
13
-0.146371
23
0.133973
33
0.151852
0
3DFACE
8
Labyrinth
10
-0.015619
20
0.129691
30
0.080461
11
-0.001532
21
0.143778
31
-0.002343
12
-0.146371
22
0.143143
32
-0.002343
13
-0.146371
23
0.123221
33
0.080461
0
3DFACE
8
Labyrinth
10
-0.001532
20
0.143778
30
-0.002343
11
0.000000
21
0.145310
31
-0.002740
12
-0.146371
22
0.145310
32
-0.002740
13
-0.146371
23
0.143143
33
-0.002343
0
3DFACE
8
Labyrinth
10
0.000000
20
0.145310
30
-0.002740
11
0.008017
21
0.153327
31
0.009070
12
-0.146371
22
0.156647
32
0.009070
13
-0.146371
23
0.145310
33
-0.002740
0
3DFACE
8
Labyrinth
10
0.008017
20
0.153327
30
0.009070
11
0.015619
21
0.160929
31
0.080461
12
-0.146371
22
0.167399
32
0.080461
13
-0.146371
23
0.156647
33
0.009070
0
3DFACE
8
Labyrinth
10
0.015619
20
0.160929
30
0.080461
11
0.001532
21
0.146842
31
0.163265
12
-0.146371
22
0.147477
32
0.163265
13
-0.146371
23
0.167399
33
0.080461
0
3DFACE
8
Labyrinth
10
0.001532
20
0.146842
30
0.163265
11
0.000000
21
0.145310
31
0.163661
12
-0.146371
22
0.145310
32
0.163661
13
-0.146371
23
0.147477
33
0.163265
0
3DFACE
8
Labyrinth
10
0.000000
20
-0.147431
30
0.163661
11
-0.011337
21
-0.147431
31
0.151852
12
-0.008017
22
0.137293
32
0.151852
13
0.000000
23
0.145310
33
0.163661
0
3DFACE
8
Labyrinth
10
-0.011337
20
-0.147431
30
0.151852
11
-0.022089
21
-0.147431
31
0.080461
12
-0.015619
22
0.129691
32
0.080461
13
-0.008017
23
0.137293
33
0.151852
0
3DFACE
8
Labyrinth
10
-0.022089
20
-0.147431
30
0.080461
11
-0.002167
21
-0.147431
31
-0.002343
12
-0.001532
22
0.143778
32
-0.002343
13
-0.015619
23
0.129691
33
0.080461
0
3DFACE
8
Labyrinth
10
-0.002167
20
-0.147431
30
-0.002343
11
0.000000
21
-0.147431
31
-0.002740
12
0.000000
22
0.145310
32
-0.002740
13
-0.001532
23
0.143778
33
-0.002343
0
3DFACE
8
Labyrinth
10
0.000000
20
-0.147431
30
-0.002740
11
0.011337
21
-0.147431
31
0.009070
12
0.008017
22
0.153327
32
0.009070
13
0.000000
23
0.145310
33
-0.002740
0
3DFACE
8
Labyrinth
10
0.011337
20
-0.147431
30
0.009070
11
0.022089
21
-0.147431
31
0.080461
12
0.015619
22
0.160929
32
0.080461
13
0.008017
23
0.153327
33
0.009070
0
3DFACE
8
Labyrinth
10
0.022089
20
-0.147431
30
0.080461
11
0.002167
21
-0.147431
31
0.163265
12
0.001532
22
0.146842
32
0.163265
13
0.015619
23
0.160929
33
0.080461
0
3DFACE
8
Labyrinth
10
0.002167
20
-0.147431
30
0.163265
11
0.000000
21
-0.147431
31
0.163661
12
0.000000
22
0.145310
32
0.163661
13
0.001532
23
0.146842
33
0.163265
0
3DFACE
8
Labyrinth
10
-0.146371
20
0.147477
30
0.163265
11
-0.146371
21
0.145310
31
0.163661
12
-0.146371
22
0.133973
32
0.151852
13
-0.146371
23
0.133973
33
0.151852
0
3DFACE
8
Labyrinth
10
-0.011337
20
-0.147431
30
0.151852
11
0.000000
21
-0.147431
31
0.163661
12
0.002167
22
-0.147431
32
0.163265
13
0.002167
23
-0.147431
33
0.163265
0
3DFACE
8
Labyrinth
10
-0.146371
20
0.167399
30
0.080461
11
-0.146371
21
0.147477
31
0.163265
12
-0.146371
22
0.133973
32
0.151852
13
-0.146371
23
0.133973
33
0.151852
0
3DFACE
8
Labyrinth
10
-0.011337
20
-0.147431
30
0.151852
11
0.002167
21
-0.147431
31
0.163265
12
0.022089
22
-0.147431
32
0.080461
13
0.022089
23
-0.147431
33
0.080461
0
3DFACE
8
Labyrinth
10
-0.146371
20
0.167399
30
0.080461
11
-0.146371
21
0.133973
31
0.151852
12
-0.146371
22
0.123221
32
0.080461
13
-0.146371
23
0.123221
33
0.080461
0
3DFACE
8
Labyrinth
10
-0.022089
20
-0.147431
30
0.080461
11
-0.011337
21
-0.147431
31
0.151852
12
0.022089
22
-0.147431
32
0.080461
13
0.022089
23
-0.147431
33
0.080461
0
3DFACE
8
Labyrinth
10
-0.146371
20
0.167399
30
0.080461
11
-0.146371
21
0.123221
31
0.080461
12
-0.146371
22
0.143143
32
-0.002343
13
-0.146371
23
0.143143
33
-0.002343
0
3DFACE
8
Labyrinth
10
-0.002167
20
-0.147431
30
-0.002343
11
-0.022089
21
-0.147431
31
0.080461
12
0.022089
22
-0.147431
32
0.080461
13
0.022089
23
-0.147431
33
0.080461
0
3DFACE
8
Labyrinth
10
-0.146371
20
0.156647
30
0.009070
11
-0.146371
21
0.167399
31
0.080461
12
-0.146371
22
0.143143
32
-0.002343
13
-0.146371
23
0.143143
33
-0.002343
0
3DFACE
8
Labyrinth
10
-0.002167
20
-0.147431
30
-0.002343
11
0.022089
21
-0.147431
31
0.080461
12
0.011337
22
-0.147431
32
0.009070
13
0.011337
23
-0.147431
33
0.009070
0
3DFACE
8
Labyrinth
10
-0.146371
20
0.145310
30
-0.002740
11
-0.146371
21
0.156647
31
0.009070
12
-0.146371
22
0.143143
32
-0.002343
13
-0.146371
23
0.143143
33
-0.002343
0
3DFACE
8
Labyrinth
10
-0.002167
20
-0.147431
30
-0.002343
11
0.011337
21
-0.147431
31
0.009070
12
0.000000
22
-0.147431
32
-0.002740
13
0.000000
23
-0.147431
33
-0.002740
0
3DFACE
8
Labyrinth
10
0.294863
20
-0.295923
30
0.163661
11
0.306199
21
-0.296095
31
0.151852
12
0.304077
22
-0.436102
32
0.151852
13
0.292741
23
-0.435930
33
0.163661
0
3DFACE
8
Labyrinth
10
0.306199
20
-0.296095
30
0.151852
11
0.316949
21
-0.296258
31
0.080461
12
0.314828
22
-0.436265
32
0.080461
13
0.304077
23
-0.436102
33
0.151852
0
3DFACE
8
Labyrinth
10
0.316949
20
-0.296258
30
0.080461
11
0.297029
21
-0.295956
31
-0.002343
12
0.294908
22
-0.435963
32
-0.002343
13
0.314828
23
-0.436265
33
0.080461
0
3DFACE
8
Labyrinth
10
0.297029
20
-0.295956
30
-0.002343
11
0.294863
21
-0.295923
31
-0.002740
12
0.292741
22
-0.435930
32
-0.002740
13
0.294908
23
-0.435963
33
-0.002343
0
3DFACE
8
Labyrinth
10
0.294863
20
-0.295923
30
-0.002740
11
0.283527
21
-0.295751
31
0.009070
12
0.281405
22
-0.435758
32
0.009070
13
0.292741
23
-0.435930
33
-0.002740
0
3DFACE
8
Labyrinth
10
0.283527
20
-0.295751
30
0.009070
11
0.272776
21
-0.295589
31
0.080461
12
0.270655
22
-0.435595
32
0.080461
13
0.281405
23
-0.435758
33
0.009070
0
3DFACE
8
Labyrinth
10
0.272776
20
-0.295589
30
0.080461
11
0.292696
21
-0.295890
31
0.163265
12
0.290575
22
-0.435897
32
0.163265
13
0.270655
23
-0.435595
33
0.080461
0
3DFACE
8
Labyrinth
10
0.292696
20
-0.295890
30
0.163265
11
0.294863
21
-0.295923
31
0.163661
12
0.292741
22
-0.435930
32
0.163661
13
0.290575
23
-0.435897
33
0.163265
0
3DFACE
8
Labyrinth
10
0.290575
20
-0.435897
30
0.163265
11
0.292741
21
-0.435930
31
0.163661
12
0.304077
22
-0.436102
32
0.151852
13
0.304077
23
-0.436102
33
0.151852
0
3DFACE
8
Labyrinth
10
0.306199
20
-0.296095
30
0.151852
11
0.294863
21
-0.295923
31
0.163661
12
0.292696
22
-0.295890
32
0.163265
13
0.292696
23
-0.295890
33
0.163265
0
3DFACE
8
Labyrinth
10
0.270655
20
-0.435595
30
0.080461
11
0.290575
21
-0.435897
31
0.163265
12
0.304077
22
-0.436102
32
0.151852
13
0.304077
23
-0.436102
33
0.151852
0
3DFACE
8
Labyrinth
10
0.306199
20
-0.296095
30
0.151852
11
0.292696
21
-0.295890
31
0.163265
12
0.272776
22
-0.295589
32
0.080461
13
0.272776
23
-0.295589
33
0.080461
0
3DFACE
8
Labyrinth
10
0.270655
20
-0.435595
30
0.080461
11
0.304077
21
-0.436102
31
0.151852
12
0.314828
22
-0.436265
32
0.080461
13
0.314828
23
-0.436265
33
0.080461
0
3DFACE
8
Labyrinth
10
0.316949
20
-0.296258
30
0.080461
11
0.306199
21
-0.296095
31
0.151852
12
0.272776
22
-0.295589
32
0.080461
13
0.272776
23
-0.295589
33
0.080461
0
3DFACE
8
Labyrinth
10
0.270655
20
-0.435595
30
0.080461
11
0.314828
21
-0.436265
31
0.080461
12
0.294908
22
-0.435963
32
-0.002343
13
0.294908
23
-0.435963
33
-0.002343
0
3DFACE
8
Labyrinth
10
0.297029
20
-0.295956
30
-0.002343
11
0.316949
21
-0.296258
31
0.080461
12
0.272776
22
-0.295589
32
0.080461
13
0.272776
23
-0.295589
33
0.080461
0
3DFACE
8
Labyrinth
10
0.281405
20
-0.435758
30
0.009070
11
0.270655
21
-0.435595
31
0.080461
12
0.294908
22
-0.435963
32
-0.002343
13
0.294908
23
-0.435963
33
-0.002343
0
3DFACE
8
Labyrinth
10
0.297029
20
-0.295956
30
-0.002343
11
0.272776
21
-0.295589
31
0.080461
12
0.283527
22
-0.295751
32
0.009070
13
0.283527
23
-0.295751
33
0.009070
0
3DFACE
8
Labyrinth
10
0.292741
20
-0.435930
30
-0.002740
11
0.281405
21
-0.435758
31
0.009070
12
0.294908
22
-0.435963
32
-0.002343
13
0.294908
23
-0.435963
33
-0.002343
0
3DFACE
8
Labyrinth
10
0.297029
20
-0.295956
30
-0.002343
11
0.283527
21
-0.295751
31
0.009070
12
0.294863
22
-0.295923
32
-0.002740
13
0.294863
23
-0.295923
33
-0.002740
0
3DFACE
8
Labyrinth
10
-0.296984
20
0.003182
30
0.163661
11
-0.296646
21
-0.008150
31
0.151852
12
-0.438774
22
-0.012393
32
0.151852
13
-0.439112
23
-0.001061
33
0.163661
0
3DFACE
8
Labyrinth
10
-0.296646
20
-0.008150
30
0.151852
11
-0.296325
21
-0.018897
31
0.080461
12
-0.438453
22
-0.023140
32
0.080461
13
-0.438774
23
-0.012393
33
0.151852
0
3DFACE
8
Labyrinth
10
-0.296325
20
-0.018897
30
0.080461
11
-0.296919
21
0.001016
31
-0.002343
12
-0.439047
22
-0.003226
32
-0.002343
13
-0.438453
23
-0.023140
33
0.080461
0
3DFACE
8
Labyrinth
10
-0.296919
20
0.001016
30
-0.002343
11
-0.296984
21
0.003182
31
-0.002740
12
-0.439112
22
-0.001061
32
-0.002740
13
-0.439047
23
-0.003226
33
-0.002343
0
3DFACE
8
Labyrinth
10
-0.296984
20
0.003182
30
-0.002740
11
-0.297322
21
0.014514
31
0.009070
12
-0.439450
22
0.010272
32
0.009070
13
-0.439112
23
-0.001061
33
-0.002740
0
3DFACE
8
Labyrinth
10
-0.297322
20
0.014514
30
0.009070
11
-0.297643
21
0.025261
31
0.080461
12
-0.439771
22
0.021018
32
0.080461
13
-0.439450
23
0.010272
33
0.009070
0
3DFACE
8
Labyrinth
10
-0.297643
20
0.025261
30
0.080461
11
-0.297049
21
0.005348
31
0.163265
12
-0.439176
22
0.001105
32
0.163265
13
-0.439771
23
0.021018
33
0.080461
0
3DFACE
8
Labyrinth
10
-0.297049
20
0.005348
30
0.163265
11
-0.296984
21
0.003182
31
0.163661
12
-0.439112
22
-0.001061
32
0.163661
13
-0.439176
23
0.001105
33
0.163265
0
3DFACE
8
Labyrinth
10
-0.439176
20
0.001105
30
0.163265
11
-0.439112
21
-0.001061
31
0.163661
12
-0.438774
22
-0.012393
32
0.151852
13
-0.438774
23
-0.012393
33
0.151852
0
3DFACE
8
Labyrinth
10
-0.296646
20
-0.008150
30
0.151852
11
-0.296984
21
0.003182
31
0.163661
12
-0.297049
22
0.005348
32
0.163265
13
-0.297049
23
0.005348
33
0.163265
0
3DFACE
8
Labyrinth
10
-0.439771
20
0.021018
30
0.080461
11
-0.439176
21
0.001105
31
0.163265
12
-0.438774
22
-0.012393
32
0.151852
13
-0.438774
23
-0.012393
33
0.151852
0
3DFACE
8
Labyrinth
10
-0.296646
20
-0.008150
30
0.151852
11
-0.297049
21
0.005348
31
0.163265
12
-0.297643
22
0.025261
32
0.080461
13
-0.297643
23
0.025261
33
0.080461
0
3DFACE
8
Labyrinth
10
-0.439771
20
0.021018
30
0.080461
11
-0.438774
21
-0.012393
31
0.151852
12
-0.438453
22
-0.023140
32
0.080461
13
-0.438453
23
-0.023140
33
0.080461
0
3DFACE
8
Labyrinth
10
-0.296325
20
-0.018897
30
0.080461
11
-0.296646
21
-0.008150
31
0.151852
12
-0.297643
22
0.025261
32
0.080461
13
-0.297643
23
0.025261
33
0.080461
0
3DFACE
8
Labyrinth
10
-0.439771
20
0.021018
30
0.080461
11
-0.438453
21
-0.023140
31
0.080461
12
-0.439047
22
-0.003226
32
-0.002343
13
-0.439047
23
-0.003226
33
-0.002343
0
3DFACE
8
Labyrinth
10
-0.296919
20
0.001016
30
-0.002343
11
-0.296325
21
-0.018897
31
0.080461
12
-0.297643
22
0.025261
32
0.080461
13
-0.297643
23
0.025261
33
0.080461
0
3DFACE
8
Labyrinth
10
-0.439450
20
0.010272
30
0.009070
11
-0.439771
21
0.021018
31
0.080461
12
-0.439047
22
-0.003226
32
-0.002343
13
-0.439047
23
-0.003226
33
-0.002343
0
3DFACE
8
Labyrinth
10
-0.296919
20
0.001016
30
-0.002343
11
-0.297643
21
0.025261
31
0.080461
12
-0.297322
22
0.014514
32
0.009070
13
-0.297322
23
0.014514
33
0.009070
0
3DFACE
8
Labyrinth
10
-0.439112
20
-0.001061
30
-0.002740
11
-0.439450
21
0.010272
31
0.009070
12
-0.439047
22
-0.003226
32
-0.002343
13
-0.439047
23
-0.003226
33
-0.002343
0
3DFACE
8
Labyrinth
10
-0.296919
20
0.001016
30
-0.002343
11
-0.297322
21
0.014514
31
0.009070
12
-0.296984
22
0.003182
32
-0.002740
13
-0.296984
23
0.003182
33
-0.002740
0
3DFACE
8
Labyrinth
10
-0.441774
20
0.441774
30
0.000000
11
0.441774
21
0.441774
31
0.000000
12
0.441774
22
-0.441774
32
0.000000
13
-0.441774
23
-0.441774
33
0.000000
0
ENDSEC
0
EOF
