-version1.0
-Mat
-dif 0.700000 0.700000 0.700000 1.000000
-amb 0.700000 0.700000 0.700000 1.000000
-spec 1.000000 1.000000 1.000000 1.000000
-emis 0.000000 0.000000 0.000000 1.000000
-shin 64.000000
-name "CH3Dmat"
-endMat
-Shape
-snam "Labyrinth"
-shad 0
-shadw 1
-vert -2.981924 1.111393 3.017938
-vert -3.036168 1.031195 3.072573
-vert -3.073317 1.031195 1.016137
-vert -2.996330 1.111393 1.015583
-vert -3.087608 0.546393 3.124385
-vert -3.146326 0.546393 1.016662
-vert -2.992291 -0.015913 3.028380
-vert -3.011044 -0.015913 1.015689
-vert -2.981924 -0.018607 3.017938
-vert -2.996330 -0.018607 1.015583
-vert -2.927681 0.061591 2.963303
-vert -2.919343 0.061591 1.015029
-vert -2.876240 0.546393 2.911491
-vert -2.846334 0.546393 1.014504
-vert -2.971557 1.108699 3.007496
-vert -2.981616 1.108699 1.015477
-vert 0.014405 1.111393 3.017938
-vert 0.014405 1.031195 3.094927
-vert 0.014405 0.546393 3.167938
-vert 0.014405 -0.015913 3.032652
-vert 0.014405 -0.018607 3.017938
-vert 0.014405 0.061591 2.940948
-vert 0.014405 0.546393 2.867938
-vert 0.014405 1.108699 3.003224
-vert 2.996330 1.111393 3.003532
-vert 3.051032 1.031195 3.057708
-vert 1.009496 1.031195 3.109324
-vert 1.008380 1.111393 3.032343
-vert 3.102907 0.546393 3.109084
-vert 1.010554 0.546393 3.182328
-vert 3.006784 -0.015913 3.013886
-vert 1.008594 -0.015913 3.047056
-vert 2.996330 -0.018607 3.003532
-vert 1.008380 -0.018607 3.032343
-vert 2.941628 0.061591 2.949357
-vert 1.007265 0.061591 2.955362
-vert 2.889752 0.546393 2.897980
-vert 1.006207 0.546393 2.882359
-vert 2.985875 1.108699 2.993178
-vert 1.008167 1.108699 3.017631
-vert 3.025141 1.111393 -2.974721
-vert 3.079777 1.031195 -3.028964
-vert 3.131589 0.546393 -3.080404
-vert 3.035583 -0.015913 -2.985088
-vert 3.025141 -0.018607 -2.974721
-vert 2.970505 0.061591 -2.920479
-vert 2.918693 0.546393 -2.869039
-vert 3.014699 1.108699 -2.964355
-vert -2.981924 1.111393 -2.989127
-vert -3.036167 1.031195 -3.043763
-vert -3.087606 0.546393 -3.095576
-vert -2.992291 -0.015913 -2.999569
-vert -2.981924 -0.018607 -2.989127
-vert -2.927682 0.061591 -2.934491
-vert -2.876242 0.546393 -2.882678
-vert -2.971557 1.108699 -2.978685
-vert -2.996330 1.111393 -0.007203
-vert -3.073318 1.031195 -0.007575
-vert -3.146328 0.546393 -0.007927
-vert -3.011044 -0.015913 -0.007274
-vert -2.996330 -0.018607 -0.007203
-vert -2.919341 0.061591 -0.006831
-vert -2.846332 0.546393 -0.006478
-vert -2.981616 1.108699 -0.007132
-vert -0.993975 1.111393 2.009558
-vert -0.939925 1.031195 2.064385
-vert -0.931399 1.031195 3.019038
-vert -1.008380 1.111393 3.017938
-vert -0.888669 0.546393 2.116379
-vert -0.858396 0.546393 3.020081
-vert -0.983645 -0.015913 2.020036
-vert -0.993668 -0.015913 3.018148
-vert -0.993975 -0.018607 2.009558
-vert -1.008380 -0.018607 3.017938
-vert -1.048024 0.061591 1.954731
-vert -1.085362 0.061591 3.016838
-vert -1.099281 0.546393 1.902737
-vert -1.158365 0.546393 3.015795
-vert -1.004305 1.108699 1.999079
-vert -1.023093 1.108699 3.017728
-vert 0.993975 1.111393 2.009558
-vert 1.048024 1.031195 2.064385
-vert 1.099281 0.546393 2.116379
-vert 1.004305 -0.015913 2.020036
-vert 0.993975 -0.018607 2.009558
-vert 0.939925 0.061591 1.954731
-vert 0.888669 0.546393 1.902737
-vert 0.983645 1.108699 1.999079
-vert 1.008380 1.111393 1.001177
-vert 1.063207 1.031195 0.947128
-vert 1.115201 0.546393 0.895872
-vert 1.018859 -0.015913 0.990848
-vert 1.008380 -0.018607 1.001177
-vert 0.953553 0.061591 1.055227
-vert 0.901559 0.546393 1.106483
-vert 0.997902 1.108699 1.011507
-vert -1.987950 1.111393 1.001177
-vert -2.042389 1.031195 0.946738
-vert -2.094016 0.546393 0.895111
-vert -1.998354 -0.015913 0.990773
-vert -1.987950 -0.018607 1.001177
-vert -1.933510 0.061591 1.055617
-vert -1.881884 0.546393 1.107243
-vert -1.977545 1.108699 1.011582
-vert -1.987950 1.111393 2.009558
-vert -2.064939 1.031195 2.009558
-vert -2.137950 0.546393 2.009558
-vert -2.002664 -0.015913 2.009558
-vert -1.987950 -0.018607 2.009558
-vert -1.910960 0.061591 2.009558
-vert -1.837950 0.546393 2.009558
-vert -1.973235 1.108699 2.009558
-vert 2.002355 1.111393 1.001177
-vert 2.056795 1.031195 1.055617
-vert 1.022786 1.031195 1.078167
-vert 1.022786 1.111393 1.001177
-vert 2.108421 0.546393 1.107244
-vert 1.022786 0.546393 1.151177
-vert 2.012760 -0.015913 1.011582
-vert 1.022786 -0.015913 1.015892
-vert 2.002355 -0.018607 1.001177
-vert 1.022786 -0.018607 1.001177
-vert 1.947915 0.061591 0.946738
-vert 1.022786 0.061591 0.924188
-vert 1.896289 0.546393 0.895111
-vert 1.022786 0.546393 0.851177
-vert 1.991951 1.108699 0.990773
-vert 1.022786 1.108699 0.986463
-vert 2.002355 1.111393 -1.995152
-vert 2.056696 1.031195 -2.049690
-vert 2.108230 0.546393 -2.101409
-vert 2.012741 -0.015913 -2.005575
-vert 2.002355 -0.018607 -1.995152
-vert 1.948014 0.061591 -1.940614
-vert 1.896481 0.546393 -1.888895
-vert 1.991969 1.108699 -1.984729
-vert -1.987950 1.111393 -1.980747
-vert -2.042487 1.031195 -2.035088
-vert -2.094207 0.546393 -2.086621
-vert -1.998373 -0.015913 -1.991133
-vert -1.987950 -0.018607 -1.980747
-vert -1.933412 0.061591 -1.926406
-vert -1.881692 0.546393 -1.874872
-vert -1.977526 1.108699 -1.970361
-vert -1.987950 1.111393 -1.001177
-vert -2.064939 1.031195 -1.001177
-vert -2.137950 0.546393 -1.001177
-vert -2.002664 -0.015913 -1.001177
-vert -1.987950 -0.018607 -1.001177
-vert -1.910960 0.061591 -1.001177
-vert -1.837950 0.546393 -1.001177
-vert -1.973235 1.108699 -1.001177
-vert 0.993975 1.111393 -1.001177
-vert 1.070956 1.031195 -1.002293
-vert 1.099767 1.031195 0.985656
-vert 1.022786 1.111393 0.986772
-vert 1.143959 0.546393 -1.003351
-vert 1.172770 0.546393 0.984598
-vert 1.008687 -0.015913 -1.001391
-vert 1.037498 -0.015913 0.986559
-vert 0.993975 -0.018607 -1.001177
-vert 1.022786 -0.018607 0.986772
-vert 0.916994 0.061591 -1.000062
-vert 0.945804 0.061591 0.987888
-vert 0.843991 0.546393 -0.999004
-vert 0.872801 0.546393 0.988946
-vert 0.979262 1.108699 -1.000964
-vert 1.008073 1.108699 0.986985
-vert 0.000000 1.111393 -0.986772
-vert -0.054440 1.031195 -0.932332
-vert -0.993975 1.031195 -0.909783
-vert -0.993975 1.111393 -0.986772
-vert -0.106066 0.546393 -0.880706
-vert -0.993975 0.546393 -0.836772
-vert -0.010404 -0.015913 -0.976368
-vert -0.993975 -0.015913 -0.972058
-vert 0.000000 -0.018607 -0.986772
-vert -0.993975 -0.018607 -0.986772
-vert 0.054440 0.061591 -1.041212
-vert -0.993975 0.061591 -1.063761
-vert 0.106066 0.546393 -1.092838
-vert -0.993975 0.546393 -1.136772
-vert 0.010404 1.108699 -0.997176
-vert -0.993975 1.108699 -1.001486
-vert 0.000000 1.111393 1.001177
-vert -0.076989 1.031195 1.001177
-vert -0.150000 0.546393 1.001177
-vert -0.014714 -0.015913 1.001177
-vert 0.000000 -0.018607 1.001177
-vert 0.076989 0.061591 1.001177
-vert 0.150000 0.546393 1.001177
-vert 0.014714 1.108699 1.001177
-vert 2.002355 1.111393 2.009558
-vert 2.079336 1.031195 2.010724
-vert 2.064930 1.031195 2.961483
-vert 1.987950 1.111393 2.960316
-vert 2.152338 0.546393 2.011830
-vert 2.137933 0.546393 2.962589
-vert 2.017068 -0.015913 2.009781
-vert 2.002662 -0.015913 2.960539
-vert 2.002355 -0.018607 2.009558
-vert 1.987950 -0.018607 2.960316
-vert 1.925375 0.061591 2.008391
-vert 1.910969 0.061591 2.959150
-vert 1.852372 0.546393 2.007285
-vert 1.837967 0.546393 2.958044
-vert 1.987643 1.108699 2.009335
-vert 1.973237 1.108699 2.960093
-vert -2.016761 1.111393 -0.021608
-vert -2.014463 1.031195 0.055347
-vert -2.979627 1.031195 0.084158
-vert -2.981924 1.111393 0.007203
-vert -2.012285 0.546393 0.128325
-vert -2.977449 0.546393 0.157136
-vert -2.016322 -0.015913 -0.006901
-vert -2.981485 -0.015913 0.021910
-vert -2.016761 -0.018607 -0.021608
-vert -2.981924 -0.018607 0.007203
-vert -2.019058 0.061591 -0.098563
-vert -2.984221 0.061591 -0.069752
-vert -2.021236 0.546393 -0.171541
-vert -2.986400 0.546393 -0.142731
-vert -2.017200 1.108699 -0.036316
-vert -2.982363 1.108699 -0.007505
-vert -3.000000 0.000000 -3.000000
-vert 3.000000 0.000000 -3.000000
-vert 3.000000 0.000000 3.000000
-vert -3.000000 0.000000 3.000000
-edge 0 1
-edge 1 2
-edge 2 3
-edge 0 3
-edge 1 4
-edge 4 5
-edge 2 5
-edge 4 6
-edge 6 7
-edge 5 7
-edge 6 8
-edge 8 9
-edge 7 9
-edge 8 10
-edge 10 11
-edge 9 11
-edge 10 12
-edge 12 13
-edge 11 13
-edge 12 14
-edge 14 15
-edge 13 15
-edge 0 14
-edge 3 15
-edge 16 17
-edge 1 17
-edge 0 16
-edge 17 18
-edge 4 18
-edge 18 19
-edge 6 19
-edge 19 20
-edge 8 20
-edge 20 21
-edge 10 21
-edge 21 22
-edge 12 22
-edge 22 23
-edge 14 23
-edge 16 23
-edge 2 15
-edge 17 23
-edge 2 13
-edge 17 22
-edge 5 13
-edge 18 22
-edge 7 13
-edge 19 22
-edge 7 11
-edge 19 21
-edge 24 25
-edge 25 26
-edge 26 27
-edge 24 27
-edge 25 28
-edge 28 29
-edge 26 29
-edge 28 30
-edge 30 31
-edge 29 31
-edge 30 32
-edge 32 33
-edge 31 33
-edge 32 34
-edge 34 35
-edge 33 35
-edge 34 36
-edge 36 37
-edge 35 37
-edge 36 38
-edge 38 39
-edge 37 39
-edge 24 38
-edge 27 39
-edge 40 41
-edge 25 41
-edge 24 40
-edge 41 42
-edge 28 42
-edge 42 43
-edge 30 43
-edge 43 44
-edge 32 44
-edge 44 45
-edge 34 45
-edge 45 46
-edge 36 46
-edge 46 47
-edge 38 47
-edge 40 47
-edge 48 49
-edge 41 49
-edge 40 48
-edge 49 50
-edge 42 50
-edge 50 51
-edge 43 51
-edge 51 52
-edge 44 52
-edge 52 53
-edge 45 53
-edge 53 54
-edge 46 54
-edge 54 55
-edge 47 55
-edge 48 55
-edge 56 57
-edge 49 57
-edge 48 56
-edge 57 58
-edge 50 58
-edge 58 59
-edge 51 59
-edge 59 60
-edge 52 60
-edge 60 61
-edge 53 61
-edge 61 62
-edge 54 62
-edge 62 63
-edge 55 63
-edge 56 63
-edge 26 39
-edge 57 63
-edge 26 37
-edge 57 62
-edge 29 37
-edge 58 62
-edge 31 37
-edge 59 62
-edge 31 35
-edge 59 61
-edge 64 65
-edge 65 66
-edge 66 67
-edge 64 67
-edge 65 68
-edge 68 69
-edge 66 69
-edge 68 70
-edge 70 71
-edge 69 71
-edge 70 72
-edge 72 73
-edge 71 73
-edge 72 74
-edge 74 75
-edge 73 75
-edge 74 76
-edge 76 77
-edge 75 77
-edge 76 78
-edge 78 79
-edge 77 79
-edge 64 78
-edge 67 79
-edge 80 81
-edge 65 81
-edge 64 80
-edge 81 82
-edge 68 82
-edge 82 83
-edge 70 83
-edge 83 84
-edge 72 84
-edge 84 85
-edge 74 85
-edge 85 86
-edge 76 86
-edge 86 87
-edge 78 87
-edge 80 87
-edge 88 89
-edge 81 89
-edge 80 88
-edge 89 90
-edge 82 90
-edge 90 91
-edge 83 91
-edge 91 92
-edge 84 92
-edge 92 93
-edge 85 93
-edge 93 94
-edge 86 94
-edge 94 95
-edge 87 95
-edge 88 95
-edge 96 97
-edge 89 97
-edge 88 96
-edge 97 98
-edge 90 98
-edge 98 99
-edge 91 99
-edge 99 100
-edge 92 100
-edge 100 101
-edge 93 101
-edge 101 102
-edge 94 102
-edge 102 103
-edge 95 103
-edge 96 103
-edge 104 105
-edge 97 105
-edge 96 104
-edge 105 106
-edge 98 106
-edge 106 107
-edge 99 107
-edge 107 108
-edge 100 108
-edge 108 109
-edge 101 109
-edge 109 110
-edge 102 110
-edge 110 111
-edge 103 111
-edge 104 111
-edge 66 79
-edge 105 111
-edge 66 77
-edge 105 110
-edge 69 77
-edge 106 110
-edge 71 77
-edge 107 110
-edge 71 75
-edge 107 109
-edge 112 113
-edge 113 114
-edge 114 115
-edge 112 115
-edge 113 116
-edge 116 117
-edge 114 117
-edge 116 118
-edge 118 119
-edge 117 119
-edge 118 120
-edge 120 121
-edge 119 121
-edge 120 122
-edge 122 123
-edge 121 123
-edge 122 124
-edge 124 125
-edge 123 125
-edge 124 126
-edge 126 127
-edge 125 127
-edge 112 126
-edge 115 127
-edge 128 129
-edge 113 129
-edge 112 128
-edge 129 130
-edge 116 130
-edge 130 131
-edge 118 131
-edge 131 132
-edge 120 132
-edge 132 133
-edge 122 133
-edge 133 134
-edge 124 134
-edge 134 135
-edge 126 135
-edge 128 135
-edge 136 137
-edge 129 137
-edge 128 136
-edge 137 138
-edge 130 138
-edge 138 139
-edge 131 139
-edge 139 140
-edge 132 140
-edge 140 141
-edge 133 141
-edge 141 142
-edge 134 142
-edge 142 143
-edge 135 143
-edge 136 143
-edge 144 145
-edge 137 145
-edge 136 144
-edge 145 146
-edge 138 146
-edge 146 147
-edge 139 147
-edge 147 148
-edge 140 148
-edge 148 149
-edge 141 149
-edge 149 150
-edge 142 150
-edge 150 151
-edge 143 151
-edge 144 151
-edge 114 127
-edge 145 151
-edge 114 125
-edge 145 150
-edge 117 125
-edge 146 150
-edge 119 125
-edge 147 150
-edge 119 123
-edge 147 149
-edge 152 153
-edge 153 154
-edge 154 155
-edge 152 155
-edge 153 156
-edge 156 157
-edge 154 157
-edge 156 158
-edge 158 159
-edge 157 159
-edge 158 160
-edge 160 161
-edge 159 161
-edge 160 162
-edge 162 163
-edge 161 163
-edge 162 164
-edge 164 165
-edge 163 165
-edge 164 166
-edge 166 167
-edge 165 167
-edge 152 166
-edge 155 167
-edge 154 167
-edge 153 166
-edge 154 165
-edge 153 164
-edge 157 165
-edge 156 164
-edge 159 165
-edge 158 164
-edge 159 163
-edge 158 162
-edge 168 169
-edge 169 170
-edge 170 171
-edge 168 171
-edge 169 172
-edge 172 173
-edge 170 173
-edge 172 174
-edge 174 175
-edge 173 175
-edge 174 176
-edge 176 177
-edge 175 177
-edge 176 178
-edge 178 179
-edge 177 179
-edge 178 180
-edge 180 181
-edge 179 181
-edge 180 182
-edge 182 183
-edge 181 183
-edge 168 182
-edge 171 183
-edge 184 185
-edge 169 185
-edge 168 184
-edge 185 186
-edge 172 186
-edge 186 187
-edge 174 187
-edge 187 188
-edge 176 188
-edge 188 189
-edge 178 189
-edge 189 190
-edge 180 190
-edge 190 191
-edge 182 191
-edge 184 191
-edge 170 183
-edge 185 191
-edge 170 181
-edge 185 190
-edge 173 181
-edge 186 190
-edge 175 181
-edge 187 190
-edge 175 179
-edge 187 189
-edge 192 193
-edge 193 194
-edge 194 195
-edge 192 195
-edge 193 196
-edge 196 197
-edge 194 197
-edge 196 198
-edge 198 199
-edge 197 199
-edge 198 200
-edge 200 201
-edge 199 201
-edge 200 202
-edge 202 203
-edge 201 203
-edge 202 204
-edge 204 205
-edge 203 205
-edge 204 206
-edge 206 207
-edge 205 207
-edge 192 206
-edge 195 207
-edge 194 207
-edge 193 206
-edge 194 205
-edge 193 204
-edge 197 205
-edge 196 204
-edge 199 205
-edge 198 204
-edge 199 203
-edge 198 202
-edge 208 209
-edge 209 210
-edge 210 211
-edge 208 211
-edge 209 212
-edge 212 213
-edge 210 213
-edge 212 214
-edge 214 215
-edge 213 215
-edge 214 216
-edge 216 217
-edge 215 217
-edge 216 218
-edge 218 219
-edge 217 219
-edge 218 220
-edge 220 221
-edge 219 221
-edge 220 222
-edge 222 223
-edge 221 223
-edge 208 222
-edge 211 223
-edge 210 223
-edge 209 222
-edge 210 221
-edge 209 220
-edge 213 221
-edge 212 220
-edge 215 221
-edge 214 220
-edge 215 219
-edge 214 218
-edge 224 225
-edge 225 226
-edge 226 227
-edge 224 227
-setmat 0
-face 4 3 2 0.000000 1.000000 2 1 0.046525 1.000000 1 0 0.046525 0.599417 0 3 0.000000 0.599417 
-face 4 2 6 0.046525 1.000000 5 5 0.251701 1.000000 4 4 0.251701 0.599417 1 1 0.046525 0.599417 
-face 4 5 9 0.251701 1.000000 7 8 0.493740 1.000000 6 7 0.493740 0.599417 4 5 0.251701 0.599417 
-face 4 7 12 0.493740 1.000000 9 11 0.500000 1.000000 8 10 0.500000 0.599417 6 8 0.493740 0.599417 
-face 4 9 15 0.500000 1.000000 11 14 0.546525 1.000000 10 13 0.546525 0.599417 8 11 0.500000 0.599417 
-face 4 11 18 0.546525 1.000000 13 17 0.751701 1.000000 12 16 0.751701 0.599417 10 14 0.546525 0.599417 
-face 4 13 21 0.751701 1.000000 15 20 0.993740 1.000000 14 19 0.993740 0.599417 12 17 0.751701 0.599417 
-face 4 15 23 0.993740 1.000000 3 3 1.000000 1.000000 0 22 1.000000 0.599417 14 20 0.993740 0.599417 
-face 4 0 0 0.000000 0.599417 1 25 0.046525 0.599417 17 24 0.046525 0.000000 16 26 0.000000 0.000000 
-face 4 1 4 0.046525 0.599417 4 28 0.251701 0.599417 18 27 0.251701 0.000000 17 25 0.046525 0.000000 
-face 4 4 7 0.251701 0.599417 6 30 0.493740 0.599417 19 29 0.493740 0.000000 18 28 0.251701 0.000000 
-face 4 6 10 0.493740 0.599417 8 32 0.500000 0.599417 20 31 0.500000 0.000000 19 30 0.493740 0.000000 
-face 4 8 13 0.500000 0.599417 10 34 0.546525 0.599417 21 33 0.546525 0.000000 20 32 0.500000 0.000000 
-face 4 10 16 0.546525 0.599417 12 36 0.751701 0.599417 22 35 0.751701 0.000000 21 34 0.546525 0.000000 
-face 4 12 19 0.751701 0.599417 14 38 0.993740 0.599417 23 37 0.993740 0.000000 22 36 0.751701 0.000000 
-face 4 14 22 0.993740 0.599417 0 26 1.000000 0.599417 16 39 1.000000 0.000000 23 38 0.993740 0.000000 
-face 3 2 2 0.000000 1.000000 3 23 0.000000 1.000000 15 40 0.000000 1.000000 
-face 3 23 39 0.000000 1.000000 16 24 0.000000 1.000000 17 41 0.000000 1.000000 
-face 3 2 40 0.000000 1.000000 15 21 0.000000 1.000000 13 42 0.000000 1.000000 
-face 3 22 37 0.000000 1.000000 23 41 0.000000 1.000000 17 43 0.000000 1.000000 
-face 3 5 6 0.000000 1.000000 2 42 0.000000 1.000000 13 44 0.000000 1.000000 
-face 3 22 43 0.000000 1.000000 17 27 0.000000 1.000000 18 45 0.000000 1.000000 
-face 3 7 9 0.000000 1.000000 5 44 0.000000 1.000000 13 46 0.000000 1.000000 
-face 3 22 45 0.000000 1.000000 18 29 0.000000 1.000000 19 47 0.000000 1.000000 
-face 3 7 46 0.000000 1.000000 13 18 0.000000 1.000000 11 48 0.000000 1.000000 
-face 3 21 35 0.000000 1.000000 22 47 0.000000 1.000000 19 49 0.000000 1.000000 
-face 3 7 48 0.000000 1.000000 11 15 0.000000 1.000000 9 12 0.000000 1.000000 
-face 3 20 33 0.000000 1.000000 21 49 0.000000 1.000000 19 31 0.000000 1.000000 
-face 4 27 52 0.000000 1.000000 26 51 0.046525 1.000000 25 50 0.046525 0.882743 24 53 0.000000 0.882743 
-face 4 26 56 0.046525 1.000000 29 55 0.251701 1.000000 28 54 0.251701 0.882743 25 51 0.046525 0.882743 
-face 4 29 59 0.251701 1.000000 31 58 0.493740 1.000000 30 57 0.493740 0.882743 28 55 0.251701 0.882743 
-face 4 31 62 0.493740 1.000000 33 61 0.500000 1.000000 32 60 0.500000 0.882743 30 58 0.493740 0.882743 
-face 4 33 65 0.500000 1.000000 35 64 0.546525 1.000000 34 63 0.546525 0.882743 32 61 0.500000 0.882743 
-face 4 35 68 0.546525 1.000000 37 67 0.751701 1.000000 36 66 0.751701 0.882743 34 64 0.546525 0.882743 
-face 4 37 71 0.751701 1.000000 39 70 0.993740 1.000000 38 69 0.993740 0.882743 36 67 0.751701 0.882743 
-face 4 39 73 0.993740 1.000000 27 53 1.000000 1.000000 24 72 1.000000 0.882743 38 70 0.993740 0.882743 
-face 4 24 50 0.000000 0.882743 25 75 0.046525 0.882743 41 74 0.046525 0.530154 40 76 0.000000 0.530154 
-face 4 25 54 0.046525 0.882743 28 78 0.251701 0.882743 42 77 0.251701 0.530154 41 75 0.046525 0.530154 
-face 4 28 57 0.251701 0.882743 30 80 0.493740 0.882743 43 79 0.493740 0.530154 42 78 0.251701 0.530154 
-face 4 30 60 0.493740 0.882743 32 82 0.500000 0.882743 44 81 0.500000 0.530154 43 80 0.493740 0.530154 
-face 4 32 63 0.500000 0.882743 34 84 0.546525 0.882743 45 83 0.546525 0.530154 44 82 0.500000 0.530154 
-face 4 34 66 0.546525 0.882743 36 86 0.751701 0.882743 46 85 0.751701 0.530154 45 84 0.546525 0.530154 
-face 4 36 69 0.751701 0.882743 38 88 0.993740 0.882743 47 87 0.993740 0.530154 46 86 0.751701 0.530154 
-face 4 38 72 0.993740 0.882743 24 76 1.000000 0.882743 40 89 1.000000 0.530154 47 88 0.993740 0.530154 
-face 4 40 74 0.000000 0.530154 41 91 0.046525 0.530154 49 90 0.046525 0.175869 48 92 0.000000 0.175869 
-face 4 41 77 0.046525 0.530154 42 94 0.251701 0.530154 50 93 0.251701 0.175869 49 91 0.046525 0.175869 
-face 4 42 79 0.251701 0.530154 43 96 0.493740 0.530154 51 95 0.493740 0.175869 50 94 0.251701 0.175869 
-face 4 43 81 0.493740 0.530154 44 98 0.500000 0.530154 52 97 0.500000 0.175869 51 96 0.493740 0.175869 
-face 4 44 83 0.500000 0.530154 45 100 0.546525 0.530154 53 99 0.546525 0.175869 52 98 0.500000 0.175869 
-face 4 45 85 0.546525 0.530154 46 102 0.751701 0.530154 54 101 0.751701 0.175869 53 100 0.546525 0.175869 
-face 4 46 87 0.751701 0.530154 47 104 0.993740 0.530154 55 103 0.993740 0.175869 54 102 0.751701 0.175869 
-face 4 47 89 0.993740 0.530154 40 92 1.000000 0.530154 48 105 1.000000 0.175869 55 104 0.993740 0.175869 
-face 4 48 90 0.000000 0.175869 49 107 0.046525 0.175869 57 106 0.046525 0.000000 56 108 0.000000 0.000000 
-face 4 49 93 0.046525 0.175869 50 110 0.251701 0.175869 58 109 0.251701 0.000000 57 107 0.046525 0.000000 
-face 4 50 95 0.251701 0.175869 51 112 0.493740 0.175869 59 111 0.493740 0.000000 58 110 0.251701 0.000000 
-face 4 51 97 0.493740 0.175869 52 114 0.500000 0.175869 60 113 0.500000 0.000000 59 112 0.493740 0.000000 
-face 4 52 99 0.500000 0.175869 53 116 0.546525 0.175869 61 115 0.546525 0.000000 60 114 0.500000 0.000000 
-face 4 53 101 0.546525 0.175869 54 118 0.751701 0.175869 62 117 0.751701 0.000000 61 116 0.546525 0.000000 
-face 4 54 103 0.751701 0.175869 55 120 0.993740 0.175869 63 119 0.993740 0.000000 62 118 0.751701 0.000000 
-face 4 55 105 0.993740 0.175869 48 108 1.000000 0.175869 56 121 1.000000 0.000000 63 120 0.993740 0.000000 
-face 3 26 52 0.000000 1.000000 27 73 0.000000 1.000000 39 122 0.000000 1.000000 
-face 3 63 121 0.000000 1.000000 56 106 0.000000 1.000000 57 123 0.000000 1.000000 
-face 3 26 122 0.000000 1.000000 39 71 0.000000 1.000000 37 124 0.000000 1.000000 
-face 3 62 119 0.000000 1.000000 63 123 0.000000 1.000000 57 125 0.000000 1.000000 
-face 3 29 56 0.000000 1.000000 26 124 0.000000 1.000000 37 126 0.000000 1.000000 
-face 3 62 125 0.000000 1.000000 57 109 0.000000 1.000000 58 127 0.000000 1.000000 
-face 3 31 59 0.000000 1.000000 29 126 0.000000 1.000000 37 128 0.000000 1.000000 
-face 3 62 127 0.000000 1.000000 58 111 0.000000 1.000000 59 129 0.000000 1.000000 
-face 3 31 128 0.000000 1.000000 37 68 0.000000 1.000000 35 130 0.000000 1.000000 
-face 3 61 117 0.000000 1.000000 62 129 0.000000 1.000000 59 131 0.000000 1.000000 
-face 3 31 130 0.000000 1.000000 35 65 0.000000 1.000000 33 62 0.000000 1.000000 
-face 3 60 115 0.000000 1.000000 61 131 0.000000 1.000000 59 113 0.000000 1.000000 
-face 4 67 134 0.000000 1.000000 66 133 0.046525 1.000000 65 132 0.046525 0.874091 64 135 0.000000 0.874091 
-face 4 66 138 0.046525 1.000000 69 137 0.251701 1.000000 68 136 0.251701 0.874091 65 133 0.046525 0.874091 
-face 4 69 141 0.251701 1.000000 71 140 0.493740 1.000000 70 139 0.493740 0.874091 68 137 0.251701 0.874091 
-face 4 71 144 0.493740 1.000000 73 143 0.500000 1.000000 72 142 0.500000 0.874091 70 140 0.493740 0.874091 
-face 4 73 147 0.500000 1.000000 75 146 0.546525 1.000000 74 145 0.546525 0.874091 72 143 0.500000 0.874091 
-face 4 75 150 0.546525 1.000000 77 149 0.751701 1.000000 76 148 0.751701 0.874091 74 146 0.546525 0.874091 
-face 4 77 153 0.751701 1.000000 79 152 0.993740 1.000000 78 151 0.993740 0.874091 76 149 0.751701 0.874091 
-face 4 79 155 0.993740 1.000000 67 135 1.000000 1.000000 64 154 1.000000 0.874091 78 152 0.993740 0.874091 
-face 4 64 132 0.000000 0.874091 65 157 0.046525 0.874091 81 156 0.046525 0.625896 80 158 0.000000 0.625896 
-face 4 65 136 0.046525 0.874091 68 160 0.251701 0.874091 82 159 0.251701 0.625896 81 157 0.046525 0.625896 
-face 4 68 139 0.251701 0.874091 70 162 0.493740 0.874091 83 161 0.493740 0.625896 82 160 0.251701 0.625896 
-face 4 70 142 0.493740 0.874091 72 164 0.500000 0.874091 84 163 0.500000 0.625896 83 162 0.493740 0.625896 
-face 4 72 145 0.500000 0.874091 74 166 0.546525 0.874091 85 165 0.546525 0.625896 84 164 0.500000 0.625896 
-face 4 74 148 0.546525 0.874091 76 168 0.751701 0.874091 86 167 0.751701 0.625896 85 166 0.546525 0.625896 
-face 4 76 151 0.751701 0.874091 78 170 0.993740 0.874091 87 169 0.993740 0.625896 86 168 0.751701 0.625896 
-face 4 78 154 0.993740 0.874091 64 158 1.000000 0.874091 80 171 1.000000 0.625896 87 170 0.993740 0.625896 
-face 4 80 156 0.000000 0.625896 81 173 0.046525 0.625896 89 172 0.046525 0.499987 88 174 0.000000 0.499987 
-face 4 81 159 0.046525 0.625896 82 176 0.251701 0.625896 90 175 0.251701 0.499987 89 173 0.046525 0.499987 
-face 4 82 161 0.251701 0.625896 83 178 0.493740 0.625896 91 177 0.493740 0.499987 90 176 0.251701 0.499987 
-face 4 83 163 0.493740 0.625896 84 180 0.500000 0.625896 92 179 0.500000 0.499987 91 178 0.493740 0.499987 
-face 4 84 165 0.500000 0.625896 85 182 0.546525 0.625896 93 181 0.546525 0.499987 92 180 0.500000 0.499987 
-face 4 85 167 0.546525 0.625896 86 184 0.751701 0.625896 94 183 0.751701 0.499987 93 182 0.546525 0.499987 
-face 4 86 169 0.751701 0.625896 87 186 0.993740 0.625896 95 185 0.993740 0.499987 94 184 0.751701 0.499987 
-face 4 87 171 0.993740 0.625896 80 174 1.000000 0.625896 88 187 1.000000 0.499987 95 186 0.993740 0.499987 
-face 4 88 172 0.000000 0.499987 89 189 0.046525 0.499987 97 188 0.046525 0.125896 96 190 0.000000 0.125896 
-face 4 89 175 0.046525 0.499987 90 192 0.251701 0.499987 98 191 0.251701 0.125896 97 189 0.046525 0.125896 
-face 4 90 177 0.251701 0.499987 91 194 0.493740 0.499987 99 193 0.493740 0.125896 98 192 0.251701 0.125896 
-face 4 91 179 0.493740 0.499987 92 196 0.500000 0.499987 100 195 0.500000 0.125896 99 194 0.493740 0.125896 
-face 4 92 181 0.500000 0.499987 93 198 0.546525 0.499987 101 197 0.546525 0.125896 100 196 0.500000 0.125896 
-face 4 93 183 0.546525 0.499987 94 200 0.751701 0.499987 102 199 0.751701 0.125896 101 198 0.546525 0.125896 
-face 4 94 185 0.751701 0.499987 95 202 0.993740 0.499987 103 201 0.993740 0.125896 102 200 0.751701 0.125896 
-face 4 95 187 0.993740 0.499987 88 190 1.000000 0.499987 96 203 1.000000 0.125896 103 202 0.993740 0.125896 
-face 4 96 188 0.000000 0.125896 97 205 0.046525 0.125896 105 204 0.046525 0.000000 104 206 0.000000 0.000000 
-face 4 97 191 0.046525 0.125896 98 208 0.251701 0.125896 106 207 0.251701 0.000000 105 205 0.046525 0.000000 
-face 4 98 193 0.251701 0.125896 99 210 0.493740 0.125896 107 209 0.493740 0.000000 106 208 0.251701 0.000000 
-face 4 99 195 0.493740 0.125896 100 212 0.500000 0.125896 108 211 0.500000 0.000000 107 210 0.493740 0.000000 
-face 4 100 197 0.500000 0.125896 101 214 0.546525 0.125896 109 213 0.546525 0.000000 108 212 0.500000 0.000000 
-face 4 101 199 0.546525 0.125896 102 216 0.751701 0.125896 110 215 0.751701 0.000000 109 214 0.546525 0.000000 
-face 4 102 201 0.751701 0.125896 103 218 0.993740 0.125896 111 217 0.993740 0.000000 110 216 0.751701 0.000000 
-face 4 103 203 0.993740 0.125896 96 206 1.000000 0.125896 104 219 1.000000 0.000000 111 218 0.993740 0.000000 
-face 3 66 134 0.000000 1.000000 67 155 0.000000 1.000000 79 220 0.000000 1.000000 
-face 3 111 219 0.000000 1.000000 104 204 0.000000 1.000000 105 221 0.000000 1.000000 
-face 3 66 220 0.000000 1.000000 79 153 0.000000 1.000000 77 222 0.000000 1.000000 
-face 3 110 217 0.000000 1.000000 111 221 0.000000 1.000000 105 223 0.000000 1.000000 
-face 3 69 138 0.000000 1.000000 66 222 0.000000 1.000000 77 224 0.000000 1.000000 
-face 3 110 223 0.000000 1.000000 105 207 0.000000 1.000000 106 225 0.000000 1.000000 
-face 3 71 141 0.000000 1.000000 69 224 0.000000 1.000000 77 226 0.000000 1.000000 
-face 3 110 225 0.000000 1.000000 106 209 0.000000 1.000000 107 227 0.000000 1.000000 
-face 3 71 226 0.000000 1.000000 77 150 0.000000 1.000000 75 228 0.000000 1.000000 
-face 3 109 215 0.000000 1.000000 110 227 0.000000 1.000000 107 229 0.000000 1.000000 
-face 3 71 228 0.000000 1.000000 75 147 0.000000 1.000000 73 144 0.000000 1.000000 
-face 3 108 213 0.000000 1.000000 109 229 0.000000 1.000000 107 211 0.000000 1.000000 
-face 4 115 232 0.000000 1.000000 114 231 0.046525 1.000000 113 230 0.046525 0.890499 112 233 0.000000 0.890499 
-face 4 114 236 0.046525 1.000000 117 235 0.251701 1.000000 116 234 0.251701 0.890499 113 231 0.046525 0.890499 
-face 4 117 239 0.251701 1.000000 119 238 0.493740 1.000000 118 237 0.493740 0.890499 116 235 0.251701 0.890499 
-face 4 119 242 0.493740 1.000000 121 241 0.500000 1.000000 120 240 0.500000 0.890499 118 238 0.493740 0.890499 
-face 4 121 245 0.500000 1.000000 123 244 0.546525 1.000000 122 243 0.546525 0.890499 120 241 0.500000 0.890499 
-face 4 123 248 0.546525 1.000000 125 247 0.751701 1.000000 124 246 0.751701 0.890499 122 244 0.546525 0.890499 
-face 4 125 251 0.751701 1.000000 127 250 0.993740 1.000000 126 249 0.993740 0.890499 124 247 0.751701 0.890499 
-face 4 127 253 0.993740 1.000000 115 233 1.000000 1.000000 112 252 1.000000 0.890499 126 250 0.993740 0.890499 
-face 4 112 230 0.000000 0.890499 113 255 0.046525 0.890499 129 254 0.046525 0.555557 128 256 0.000000 0.555557 
-face 4 113 234 0.046525 0.890499 116 258 0.251701 0.890499 130 257 0.251701 0.555557 129 255 0.046525 0.555557 
-face 4 116 237 0.251701 0.890499 118 260 0.493740 0.890499 131 259 0.493740 0.555557 130 258 0.251701 0.555557 
-face 4 118 240 0.493740 0.890499 120 262 0.500000 0.890499 132 261 0.500000 0.555557 131 260 0.493740 0.555557 
-face 4 120 243 0.500000 0.890499 122 264 0.546525 0.890499 133 263 0.546525 0.555557 132 262 0.500000 0.555557 
-face 4 122 246 0.546525 0.890499 124 266 0.751701 0.890499 134 265 0.751701 0.555557 133 264 0.546525 0.555557 
-face 4 124 249 0.751701 0.890499 126 268 0.993740 0.890499 135 267 0.993740 0.555557 134 266 0.751701 0.555557 
-face 4 126 252 0.993740 0.890499 112 256 1.000000 0.890499 128 269 1.000000 0.555557 135 268 0.993740 0.555557 
-face 4 128 254 0.000000 0.555557 129 271 0.046525 0.555557 137 270 0.046525 0.109501 136 272 0.000000 0.109501 
-face 4 129 257 0.046525 0.555557 130 274 0.251701 0.555557 138 273 0.251701 0.109501 137 271 0.046525 0.109501 
-face 4 130 259 0.251701 0.555557 131 276 0.493740 0.555557 139 275 0.493740 0.109501 138 274 0.251701 0.109501 
-face 4 131 261 0.493740 0.555557 132 278 0.500000 0.555557 140 277 0.500000 0.109501 139 276 0.493740 0.109501 
-face 4 132 263 0.500000 0.555557 133 280 0.546525 0.555557 141 279 0.546525 0.109501 140 278 0.500000 0.109501 
-face 4 133 265 0.546525 0.555557 134 282 0.751701 0.555557 142 281 0.751701 0.109501 141 280 0.546525 0.109501 
-face 4 134 267 0.751701 0.555557 135 284 0.993740 0.555557 143 283 0.993740 0.109501 142 282 0.751701 0.109501 
-face 4 135 269 0.993740 0.555557 128 272 1.000000 0.555557 136 285 1.000000 0.109501 143 284 0.993740 0.109501 
-face 4 136 270 0.000000 0.109501 137 287 0.046525 0.109501 145 286 0.046525 0.000000 144 288 0.000000 0.000000 
-face 4 137 273 0.046525 0.109501 138 290 0.251701 0.109501 146 289 0.251701 0.000000 145 287 0.046525 0.000000 
-face 4 138 275 0.251701 0.109501 139 292 0.493740 0.109501 147 291 0.493740 0.000000 146 290 0.251701 0.000000 
-face 4 139 277 0.493740 0.109501 140 294 0.500000 0.109501 148 293 0.500000 0.000000 147 292 0.493740 0.000000 
-face 4 140 279 0.500000 0.109501 141 296 0.546525 0.109501 149 295 0.546525 0.000000 148 294 0.500000 0.000000 
-face 4 141 281 0.546525 0.109501 142 298 0.751701 0.109501 150 297 0.751701 0.000000 149 296 0.546525 0.000000 
-face 4 142 283 0.751701 0.109501 143 300 0.993740 0.109501 151 299 0.993740 0.000000 150 298 0.751701 0.000000 
-face 4 143 285 0.993740 0.109501 136 288 1.000000 0.109501 144 301 1.000000 0.000000 151 300 0.993740 0.000000 
-face 3 114 232 0.000000 1.000000 115 253 0.000000 1.000000 127 302 0.000000 1.000000 
-face 3 151 301 0.000000 1.000000 144 286 0.000000 1.000000 145 303 0.000000 1.000000 
-face 3 114 302 0.000000 1.000000 127 251 0.000000 1.000000 125 304 0.000000 1.000000 
-face 3 150 299 0.000000 1.000000 151 303 0.000000 1.000000 145 305 0.000000 1.000000 
-face 3 117 236 0.000000 1.000000 114 304 0.000000 1.000000 125 306 0.000000 1.000000 
-face 3 150 305 0.000000 1.000000 145 289 0.000000 1.000000 146 307 0.000000 1.000000 
-face 3 119 239 0.000000 1.000000 117 306 0.000000 1.000000 125 308 0.000000 1.000000 
-face 3 150 307 0.000000 1.000000 146 291 0.000000 1.000000 147 309 0.000000 1.000000 
-face 3 119 308 0.000000 1.000000 125 248 0.000000 1.000000 123 310 0.000000 1.000000 
-face 3 149 297 0.000000 1.000000 150 309 0.000000 1.000000 147 311 0.000000 1.000000 
-face 3 119 310 0.000000 1.000000 123 245 0.000000 1.000000 121 242 0.000000 1.000000 
-face 3 148 295 0.000000 1.000000 149 311 0.000000 1.000000 147 293 0.000000 1.000000 
-face 4 155 314 0.000000 1.000000 154 313 0.046525 1.000000 153 312 0.046525 0.000000 152 315 0.000000 0.000000 
-face 4 154 318 0.046525 1.000000 157 317 0.251701 1.000000 156 316 0.251701 0.000000 153 313 0.046525 0.000000 
-face 4 157 321 0.251701 1.000000 159 320 0.493740 1.000000 158 319 0.493740 0.000000 156 317 0.251701 0.000000 
-face 4 159 324 0.493740 1.000000 161 323 0.500000 1.000000 160 322 0.500000 0.000000 158 320 0.493740 0.000000 
-face 4 161 327 0.500000 1.000000 163 326 0.546525 1.000000 162 325 0.546525 0.000000 160 323 0.500000 0.000000 
-face 4 163 330 0.546525 1.000000 165 329 0.751701 1.000000 164 328 0.751701 0.000000 162 326 0.546525 0.000000 
-face 4 165 333 0.751701 1.000000 167 332 0.993740 1.000000 166 331 0.993740 0.000000 164 329 0.751701 0.000000 
-face 4 167 335 0.993740 1.000000 155 315 1.000000 1.000000 152 334 1.000000 0.000000 166 332 0.993740 0.000000 
-face 3 154 314 0.000000 1.000000 155 335 0.000000 1.000000 167 336 0.000000 1.000000 
-face 3 166 334 0.000000 1.000000 152 312 0.000000 1.000000 153 337 0.000000 1.000000 
-face 3 154 336 0.000000 1.000000 167 333 0.000000 1.000000 165 338 0.000000 1.000000 
-face 3 164 331 0.000000 1.000000 166 337 0.000000 1.000000 153 339 0.000000 1.000000 
-face 3 157 318 0.000000 1.000000 154 338 0.000000 1.000000 165 340 0.000000 1.000000 
-face 3 164 339 0.000000 1.000000 153 316 0.000000 1.000000 156 341 0.000000 1.000000 
-face 3 159 321 0.000000 1.000000 157 340 0.000000 1.000000 165 342 0.000000 1.000000 
-face 3 164 341 0.000000 1.000000 156 319 0.000000 1.000000 158 343 0.000000 1.000000 
-face 3 159 342 0.000000 1.000000 165 330 0.000000 1.000000 163 344 0.000000 1.000000 
-face 3 162 328 0.000000 1.000000 164 343 0.000000 1.000000 158 345 0.000000 1.000000 
-face 3 159 344 0.000000 1.000000 163 327 0.000000 1.000000 161 324 0.000000 1.000000 
-face 3 160 325 0.000000 1.000000 162 345 0.000000 1.000000 158 322 0.000000 1.000000 
-face 4 171 348 0.000000 1.000000 170 347 0.046525 1.000000 169 346 0.046525 0.666667 168 349 0.000000 0.666667 
-face 4 170 352 0.046525 1.000000 173 351 0.251701 1.000000 172 350 0.251701 0.666667 169 347 0.046525 0.666667 
-face 4 173 355 0.251701 1.000000 175 354 0.493740 1.000000 174 353 0.493740 0.666667 172 351 0.251701 0.666667 
-face 4 175 358 0.493740 1.000000 177 357 0.500000 1.000000 176 356 0.500000 0.666667 174 354 0.493740 0.666667 
-face 4 177 361 0.500000 1.000000 179 360 0.546525 1.000000 178 359 0.546525 0.666667 176 357 0.500000 0.666667 
-face 4 179 364 0.546525 1.000000 181 363 0.751701 1.000000 180 362 0.751701 0.666667 178 360 0.546525 0.666667 
-face 4 181 367 0.751701 1.000000 183 366 0.993740 1.000000 182 365 0.993740 0.666667 180 363 0.751701 0.666667 
-face 4 183 369 0.993740 1.000000 171 349 1.000000 1.000000 168 368 1.000000 0.666667 182 366 0.993740 0.666667 
-face 4 168 346 0.000000 0.666667 169 371 0.046525 0.666667 185 370 0.046525 0.000000 184 372 0.000000 0.000000 
-face 4 169 350 0.046525 0.666667 172 374 0.251701 0.666667 186 373 0.251701 0.000000 185 371 0.046525 0.000000 
-face 4 172 353 0.251701 0.666667 174 376 0.493740 0.666667 187 375 0.493740 0.000000 186 374 0.251701 0.000000 
-face 4 174 356 0.493740 0.666667 176 378 0.500000 0.666667 188 377 0.500000 0.000000 187 376 0.493740 0.000000 
-face 4 176 359 0.500000 0.666667 178 380 0.546525 0.666667 189 379 0.546525 0.000000 188 378 0.500000 0.000000 
-face 4 178 362 0.546525 0.666667 180 382 0.751701 0.666667 190 381 0.751701 0.000000 189 380 0.546525 0.000000 
-face 4 180 365 0.751701 0.666667 182 384 0.993740 0.666667 191 383 0.993740 0.000000 190 382 0.751701 0.000000 
-face 4 182 368 0.993740 0.666667 168 372 1.000000 0.666667 184 385 1.000000 0.000000 191 384 0.993740 0.000000 
-face 3 170 348 0.000000 1.000000 171 369 0.000000 1.000000 183 386 0.000000 1.000000 
-face 3 191 385 0.000000 1.000000 184 370 0.000000 1.000000 185 387 0.000000 1.000000 
-face 3 170 386 0.000000 1.000000 183 367 0.000000 1.000000 181 388 0.000000 1.000000 
-face 3 190 383 0.000000 1.000000 191 387 0.000000 1.000000 185 389 0.000000 1.000000 
-face 3 173 352 0.000000 1.000000 170 388 0.000000 1.000000 181 390 0.000000 1.000000 
-face 3 190 389 0.000000 1.000000 185 373 0.000000 1.000000 186 391 0.000000 1.000000 
-face 3 175 355 0.000000 1.000000 173 390 0.000000 1.000000 181 392 0.000000 1.000000 
-face 3 190 391 0.000000 1.000000 186 375 0.000000 1.000000 187 393 0.000000 1.000000 
-face 3 175 392 0.000000 1.000000 181 364 0.000000 1.000000 179 394 0.000000 1.000000 
-face 3 189 381 0.000000 1.000000 190 393 0.000000 1.000000 187 395 0.000000 1.000000 
-face 3 175 394 0.000000 1.000000 179 361 0.000000 1.000000 177 358 0.000000 1.000000 
-face 3 188 379 0.000000 1.000000 189 395 0.000000 1.000000 187 377 0.000000 1.000000 
-face 4 195 398 0.000000 1.000000 194 397 0.046525 1.000000 193 396 0.046525 0.000000 192 399 0.000000 0.000000 
-face 4 194 402 0.046525 1.000000 197 401 0.251701 1.000000 196 400 0.251701 0.000000 193 397 0.046525 0.000000 
-face 4 197 405 0.251701 1.000000 199 404 0.493740 1.000000 198 403 0.493740 0.000000 196 401 0.251701 0.000000 
-face 4 199 408 0.493740 1.000000 201 407 0.500000 1.000000 200 406 0.500000 0.000000 198 404 0.493740 0.000000 
-face 4 201 411 0.500000 1.000000 203 410 0.546525 1.000000 202 409 0.546525 0.000000 200 407 0.500000 0.000000 
-face 4 203 414 0.546525 1.000000 205 413 0.751701 1.000000 204 412 0.751701 0.000000 202 410 0.546525 0.000000 
-face 4 205 417 0.751701 1.000000 207 416 0.993740 1.000000 206 415 0.993740 0.000000 204 413 0.751701 0.000000 
-face 4 207 419 0.993740 1.000000 195 399 1.000000 1.000000 192 418 1.000000 0.000000 206 416 0.993740 0.000000 
-face 3 194 398 0.000000 1.000000 195 419 0.000000 1.000000 207 420 0.000000 1.000000 
-face 3 206 418 0.000000 1.000000 192 396 0.000000 1.000000 193 421 0.000000 1.000000 
-face 3 194 420 0.000000 1.000000 207 417 0.000000 1.000000 205 422 0.000000 1.000000 
-face 3 204 415 0.000000 1.000000 206 421 0.000000 1.000000 193 423 0.000000 1.000000 
-face 3 197 402 0.000000 1.000000 194 422 0.000000 1.000000 205 424 0.000000 1.000000 
-face 3 204 423 0.000000 1.000000 193 400 0.000000 1.000000 196 425 0.000000 1.000000 
-face 3 199 405 0.000000 1.000000 197 424 0.000000 1.000000 205 426 0.000000 1.000000 
-face 3 204 425 0.000000 1.000000 196 403 0.000000 1.000000 198 427 0.000000 1.000000 
-face 3 199 426 0.000000 1.000000 205 414 0.000000 1.000000 203 428 0.000000 1.000000 
-face 3 202 412 0.000000 1.000000 204 427 0.000000 1.000000 198 429 0.000000 1.000000 
-face 3 199 428 0.000000 1.000000 203 411 0.000000 1.000000 201 408 0.000000 1.000000 
-face 3 200 409 0.000000 1.000000 202 429 0.000000 1.000000 198 406 0.000000 1.000000 
-face 4 211 432 0.000000 1.000000 210 431 0.046525 1.000000 209 430 0.046525 0.000000 208 433 0.000000 0.000000 
-face 4 210 436 0.046525 1.000000 213 435 0.251701 1.000000 212 434 0.251701 0.000000 209 431 0.046525 0.000000 
-face 4 213 439 0.251701 1.000000 215 438 0.493740 1.000000 214 437 0.493740 0.000000 212 435 0.251701 0.000000 
-face 4 215 442 0.493740 1.000000 217 441 0.500000 1.000000 216 440 0.500000 0.000000 214 438 0.493740 0.000000 
-face 4 217 445 0.500000 1.000000 219 444 0.546525 1.000000 218 443 0.546525 0.000000 216 441 0.500000 0.000000 
-face 4 219 448 0.546525 1.000000 221 447 0.751701 1.000000 220 446 0.751701 0.000000 218 444 0.546525 0.000000 
-face 4 221 451 0.751701 1.000000 223 450 0.993740 1.000000 222 449 0.993740 0.000000 220 447 0.751701 0.000000 
-face 4 223 453 0.993740 1.000000 211 433 1.000000 1.000000 208 452 1.000000 0.000000 222 450 0.993740 0.000000 
-face 3 210 432 0.000000 1.000000 211 453 0.000000 1.000000 223 454 0.000000 1.000000 
-face 3 222 452 0.000000 1.000000 208 430 0.000000 1.000000 209 455 0.000000 1.000000 
-face 3 210 454 0.000000 1.000000 223 451 0.000000 1.000000 221 456 0.000000 1.000000 
-face 3 220 449 0.000000 1.000000 222 455 0.000000 1.000000 209 457 0.000000 1.000000 
-face 3 213 436 0.000000 1.000000 210 456 0.000000 1.000000 221 458 0.000000 1.000000 
-face 3 220 457 0.000000 1.000000 209 434 0.000000 1.000000 212 459 0.000000 1.000000 
-face 3 215 439 0.000000 1.000000 213 458 0.000000 1.000000 221 460 0.000000 1.000000 
-face 3 220 459 0.000000 1.000000 212 437 0.000000 1.000000 214 461 0.000000 1.000000 
-face 3 215 460 0.000000 1.000000 221 448 0.000000 1.000000 219 462 0.000000 1.000000 
-face 3 218 446 0.000000 1.000000 220 461 0.000000 1.000000 214 463 0.000000 1.000000 
-face 3 215 462 0.000000 1.000000 219 445 0.000000 1.000000 217 442 0.000000 1.000000 
-face 3 216 443 0.000000 1.000000 218 463 0.000000 1.000000 214 440 0.000000 1.000000 
-face 4 227 466 0.000000 0.000000 226 465 1.000000 0.000000 225 464 1.000000 1.000000 224 467 0.000000 1.000000 
-axis 0 2.99999 0 1 0 0 0 1 0 0 0 1
-endShape
